0.1011 2.30254 
0.0941 2.30271 
0.0855 2.30237 
0.4071 1.62671 
0.4568 1.50797 
0.4844 1.45126 
0.4975 1.41869 
0.5089 1.3895 
0.5164 1.37245 
0.5224 1.35469 
0.528 1.3467 
0.0983 2.30259 
0.3946 1.66652 
0.4405 1.5524 
0.4614 1.50051 
0.4773 1.45891 
0.4897 1.4297 
0.4974 1.40613 
0.5065 1.38603 
0.5129 1.37119 
0.1069 2.30274 
0.413 1.61199 
0.4609 1.49104 
0.4804 1.43753 
0.095 2.30259 
0.3989 1.65017 
0.4783 1.45984 
0.5178 1.34812 
0.5602 1.23516 
0.5699 1.20871 
0.6061 1.12053 
0.6084 1.11461 
0.6331 1.04704 
0.0984 2.30263 
0.3522 1.73363 
0.1075 2.30267 
0.081 2.30239 
0.4057 1.62689 
0.4577 1.50999 
0.4818 1.44531 
0.4979 1.41443 
0.5072 1.38283 
0.5135 1.36854 
0.5207 1.34823 
0.5253 1.33854 
0.5288 1.32515 
0.5326 1.31846 
0.5342 1.30845 
0.5382 1.30331 
0.5409 1.29494 
0.541 1.29083 
0.5449 1.28438 
0.5441 1.28039 
0.5488 1.27473 
0.5487 1.2714 
0.5526 1.26657 
0.0931 2.30277 
0.4051 1.63442 
0.4422 1.53386 
0.4757 1.4691 
0.4853 1.44018 
0.504 1.40018 
0.5103 1.38365 
0.5193 1.35898 
0.5268 1.34615 
0.5313 1.3277 
0.4465 1.59056 
0.4452 1.59337 
0.4428 1.61229 
0.4319 1.62348 
0.4303 1.63652 
0.4223 1.64768 
0.4186 1.66775 
0.4102 1.68561 
0.4064 1.70393 
0.3994 1.71655 
0.3997 1.7293 
0.11 2.30243 
0.4078 1.62877 
0.4797 1.45797 
0.5094 1.36341 
0.5477 1.26453 
0.5648 1.23072 
0.6002 1.14035 
0.6028 1.12593 
0.6322 1.05169 
0.6337 1.04672 
0.6537 0.99456 
0.6521 0.994554 
0.6706 0.958 
0.6703 0.958134 
0.6845 0.925502 
0.6853 0.927638 
0.6925 0.90186 
0.698 0.905208 
0.7009 0.88113 
0.7027 0.884179 
0.7103 0.863503 
0.0918 2.30282 
0.4 1.63059 
0.4592 1.50569 
0.4787 1.45666 
0.4953 1.41706 
0.5077 1.39301 
0.5177 1.36681 
0.5265 1.34842 
0.5307 1.33139 
0.5391 1.31495 
0.5393 1.30576 
0.5453 1.29569 
0.546 1.28767 
0.55 1.27737 
0.448 1.57115 
0.4543 1.53089 
0.4473 1.56117 
0.4346 1.59383 
0.4332 1.61751 
0.4257 1.63795 
0.4158 1.66025 
0.1093 2.3025 
0.1 87.3365 
0.1091 2.30236 
0.0793 2.30254 
0.4305 1.56512 
0.4728 1.45879 
0.5001 1.39741 
0.5109 1.36689 
0.5263 1.33293 
0.5321 1.31345 
0.5452 1.29018 
0.5482 1.27282 
0.5575 1.25751 
0.5622 1.2411 
0.5673 1.23092 
0.5723 1.2159 
0.5759 1.20929 
0.579 1.1951 
0.5824 1.19159 
0.5845 1.17973 
0.5839 1.17774 
0.2723 2.04748 
0.3033 1.96168 
0.3368 1.88805 
0.1 2.30216 
0.4561 1.53904 
0.5536 1.24985 
0.6194 1.11044 
0.647 1.01424 
0.6506 1.03821 
0.6594 1.0091 
0.6834 0.965455 
0.6594 1.01911 
0.6817 0.959051 
0.6773 0.964933 
0.6873 0.946501 
0.6754 0.970538 
0.6887 0.936163 
0.6873 0.956935 
0.6972 0.91679 
0.6717 1.01454 
0.701 0.915885 
0.6726 1.02865 
0.6891 0.953547 
0.6573 1.09124 
0.6937 0.939855 
0.6964 0.95129 
0.6795 0.987099 
0.6847 0.98529 
0.6941 0.971726 
0.6905 0.98433 
0.7012 0.935602 
0.69 0.96566 
0.7031 0.952163 
0.6875 0.991879 
0.6956 0.992902 
0.676 1.04266 
0.6925 0.985845 
0.6841 1.01814 
0.6864 1.0222 
0.6948 0.978929 
0.7085 0.964886 
0.6926 1.02342 
0.6963 1.00003 
0.685 1.04612 
0.6903 1.00485 
0.6776 1.05957 
0.6741 1.08377 
0.682 1.04192 
0.7047 0.990799 
0.6899 1.04238 
0.6947 1.02896 
0.6561 1.14544 
0.6915 1.05105 
0.6865 1.1012 
0.689 1.04446 
0.6649 1.08117 
0.6938 1.01262 
0.6844 1.04383 
0.6855 1.12749 
0.6761 1.09225 
0.6965 1.05811 
0.6881 1.08632 
0.6723 1.09204 
0.6682 1.13331 
0.678 1.07995 
0.6819 1.05132 
0.6638 1.12656 
0.6727 1.07165 
0.686 1.03677 
0.6814 1.05452 
0.6806 1.07066 
0.6548 1.13751 
0.6836 1.04452 
0.6711 1.1223 
0.6992 1.00353 
0.6952 1.05348 
0.6939 0.98537 
0.6705 1.07505 
0.679 1.06857 
0.682 1.09913 
0.661 1.15106 
0.6695 1.14941 
0.6887 1.03624 
0.6456 1.28599 
0.6648 1.1533 
0.6784 1.0815 
0.6535 1.11294 
0.6704 1.09773 
0.6664 1.11118 
0.6433 1.16929 
0.6685 1.09904 
0.6526 1.18833 
0.6626 1.10878 
0.6676 1.08662 
0.66 1.12632 
0.6549 1.10901 
0.6682 1.07664 
0.6202 1.28618 
0.677 1.05485 
0.6619 1.15709 
0.664 1.10745 
0.6623 1.11989 
0.6492 1.18071 
0.6577 1.11879 
0.6582 1.05865 
0.6719 1.12248 
0.6708 1.08539 
0.6475 1.22147 
0.6755 1.05245 
0.678 1.09634 
0.6669 1.04107 
0.6666 1.1385 
0.6745 1.05648 
0.6529 1.15894 
0.6804 1.08171 
0.6743 1.05973 
0.652 1.09601 
0.6582 1.18275 
0.6679 1.07985 
0.6624 1.1111 
0.6539 1.10624 
0.6567 1.11947 
0.6592 1.10525 
0.6483 1.14846 
0.0937 2.30234 
0.4753 1.50041 
0.5755 1.22317 
0.595 1.18888 
0.6423 1.03006 
0.6506 1.02799 
0.6695 0.959162 
0.6766 0.963382 
0.6884 0.904588 
0.6965 0.905191 
0.6956 0.899074 
0.7015 0.901698 
0.7052 0.872651 
0.7119 0.87502 
0.7216 0.838133 
0.7234 0.847419 
0.7272 0.815845 
0.7298 0.83923 
0.7332 0.811981 
0.73 0.836052 
0.7271 0.834001 
0.7363 0.823323 
0.7256 0.84422 
0.734 0.829507 
0.7261 0.852003 
0.7347 0.835352 
0.7271 0.865133 
0.7341 0.852995 
0.7281 0.874473 
0.7408 0.859016 
0.7306 0.874572 
0.7315 0.8967 
0.7311 0.885039 
0.7345 0.893804 
0.7245 0.913728 
0.7302 0.920771 
0.7259 0.917148 
0.7312 0.932133 
0.729 0.922538 
0.7315 0.941458 
0.7283 0.920325 
0.7263 0.972961 
0.7245 0.949435 
0.7276 0.997343 
0.7225 0.941326 
0.7304 1.00439 
0.7297 0.912503 
0.7325 1.01279 
0.7288 0.932682 
0.728 1.02765 
0.7247 0.938301 
0.7367 0.981655 
0.7274 0.966049 
0.7316 1.03046 
0.7338 0.944132 
0.7321 0.998917 
0.7277 0.981802 
0.7358 0.989637 
0.7323 0.970829 
0.7299 1.0431 
0.7287 0.984386 
0.733 1.0329 
0.7246 1.02469 
0.7279 1.03714 
0.7231 1.03235 
0.7282 1.06337 
0.7252 1.0747 
0.7249 1.10529 
0.7286 1.06359 
0.7258 1.07121 
0.7285 1.07962 
0.733 1.06517 
0.7276 1.10462 
0.7383 1.09182 
0.736 1.04445 
0.737 1.05624 
0.7302 1.12211 
0.731 1.12741 
0.7278 1.09462 
0.7281 1.0844 
0.7263 1.12619 
0.7335 1.08723 
0.7305 1.13969 
0.7266 1.16908 
0.7273 1.16104 
0.731 1.12947 
0.7301 1.14753 
0.7371 1.15774 
0.7265 1.13299 
0.7311 1.14987 
0.7282 1.15208 
0.7354 1.15239 
0.7262 1.16338 
0.7316 1.1952 
0.723 1.17444 
0.7369 1.135 
0.1049 2.30263 
0.4461 1.58605 
0.5757 1.21532 
0.5477 1.33357 
0.6268 1.08945 
0.6108 1.13774 
0.661 0.996838 
0.6606 1.01046 
0.6643 1.00225 
0.6709 0.976895 
0.6758 0.963769 
0.6631 1.01496 
0.6756 0.962705 
0.6607 1.02403 
0.6693 0.997309 
0.6596 1.02541 
0.6743 1.00747 
0.6716 1.02582 
0.6504 1.09218 
0.6762 0.969088 
0.6902 0.957136 
0.6724 1.01341 
0.6532 1.08977 
0.6592 1.04487 
0.6648 1.05039 
0.6711 1.01703 
0.6637 1.03325 
0.6648 1.03121 
0.6723 1.02493 
0.6517 1.09073 
0.6765 1.00148 
0.6726 1.02891 
0.6645 1.06128 
0.6803 1.00599 
0.6738 1.03291 
0.6839 0.973784 
0.6828 1.03325 
0.6497 1.10404 
0.6706 1.01444 
0.6857 0.977039 
0.6806 1.00356 
0.6709 1.03296 
0.6753 1.05842 
0.6368 1.15858 
0.6725 1.0475 
0.6675 1.061 
0.6794 1.02147 
0.6632 1.09205 
0.6626 1.07431 
0.6624 1.02775 
0.6605 1.10414 
0.6286 1.16273 
0.6603 1.0781 
0.6681 1.02184 
0.6478 1.07605 
0.6598 1.04655 
0.6287 1.23638 
0.6656 1.0444 
0.6547 1.07746 
0.6324 1.18885 
0.6654 1.08651 
0.6504 1.11605 
0.6535 1.19787 
0.6662 1.05643 
0.6738 1.05898 
0.6463 1.09421 
0.6686 1.08729 
0.6696 1.05475 
0.6436 1.14531 
0.6343 1.15398 
0.6599 1.1364 
0.6485 1.12826 
0.6394 1.21069 
0.6595 1.07594 
0.6486 1.06504 
0.6529 1.13344 
0.653 1.09074 
0.6484 1.12318 
0.6534 1.12836 
0.641 1.12562 
0.6591 1.08194 
0.6322 1.14357 
0.635 1.13333 
0.6523 1.10859 
0.6378 1.13627 
0.634 1.15145 
0.6351 1.18126 
0.6468 1.07719 
0.6268 1.17322 
0.6243 1.18623 
0.6441 1.11578 
0.6512 1.06617 
0.6325 1.16393 
0.6387 1.14113 
0.6514 1.09606 
0.6475 1.09379 
0.6357 1.14949 
0.6297 1.12218 
0.6174 1.27091 
0.6513 1.08526 
0.6179 1.23161 
0.6017 1.21609 
0.5863 1.28465 
0.6434 1.10454 
0.5722 1.3805 
0.6075 1.21001 
0.6139 1.24564 
0.6054 1.26656 
0.619 1.18575 
0.6143 1.16735 
0.5989 1.25644 
0.6462 1.0907 
0.5746 1.37428 
0.6609 1.04071 
0.6095 1.21598 
0.6181 1.17361 
0.5839 1.27991 
0.5989 1.21448 
0.6415 1.13013 
0.5767 1.36571 
0.5472 1.33782 
0.1206 2.30263 
0.1 2.30309 
0.1 2.30265 
0.1 2.30261 
0.1 87.3365 
0.1117 2.30244 
0.4544 1.51206 
0.4953 1.40405 
0.4736 1.50068 
0.4846 1.46936 
0.4446 1.60189 
0.4555 1.55763 
0.4297 1.71703 
0.4767 1.5606 
0.4154 1.68352 
0.4158 1.70047 
0.3823 1.87596 
0.3841 1.72862 
0.3649 1.78451 
0.382 1.72921 
0.3857 1.70633 
0.3653 1.73917 
0.3512 1.81608 
0.1041 2.30262 
0.5004 1.40144 
0.5632 1.21856 
0.5921 1.19676 
0.6384 1.04109 
0.6267 1.11402 
0.6602 1.00347 
0.6428 1.12987 
0.6551 1.06975 
0.6555 1.10674 
0.6734 1.02487 
0.648 1.15777 
0.6822 1.01414 
0.6557 1.17624 
0.681 1.04432 
0.6549 1.16551 
0.6883 1.01121 
0.6552 1.17722 
0.6921 1.05397 
0.6416 1.27937 
0.681 1.14126 
0.645 1.35314 
0.6623 1.30136 
0.6448 1.35798 
0.6547 1.36766 
0.6574 1.3839 
0.6674 1.36661 
0.6619 1.37529 
0.6591 1.44218 
0.6633 1.39324 
0.6581 1.52474 
0.6714 1.43248 
0.6751 1.42496 
0.6707 1.66185 
0.6753 1.45465 
0.6707 1.63723 
0.6733 1.49667 
0.6567 1.73229 
0.6711 1.48772 
0.6613 1.71274 
0.692 1.50883 
0.6563 1.79517 
0.6833 1.48819 
0.6605 1.72661 
0.6814 1.65214 
0.6746 2.01768 
0.6739 1.72342 
0.6791 1.79698 
0.6864 1.94413 
0.6698 2.03059 
0.6977 1.6583 
0.64 2.27091 
0.6968 1.67286 
0.6529 2.23448 
0.6756 1.77332 
0.6698 2.25117 
0.7123 1.47093 
0.6261 2.71651 
0.6855 1.76983 
0.64 2.60693 
0.6727 2.05527 
0.6705 2.02301 
0.7049 1.77486 
0.6456 2.7047 
0.7054 2.06191 
0.6139 2.96569 
0.7018 2.04392 
0.5958 3.46637 
0.6934 2.13246 
0.6502 2.71767 
0.6962 2.01825 
0.5877 3.52307 
0.6758 2.25096 
0.6775 2.08567 
0.6953 1.97019 
0.6503 2.69475 
0.6974 2.09713 
0.6143 3.13709 
0.6874 2.22891 
0.6073 3.28786 
0.6736 2.9741 
0.6676 2.55059 
0.6907 3.10949 
0.661 2.69474 
0.6709 3.08875 
0.6668 2.66276 
0.6913 2.94563 
0.6621 2.67507 
0.7035 2.83137 
0.6172 4.1081 
0.6998 2.75895 
0.6416 3.50957 
0.673 2.75089 
0.6797 2.70936 
0.686 2.74767 
0.6519 3.18533 
0.6977 3.22038 
0.6291 3.4077 
0.6928 3.25616 
0.671 2.9856 
0.69 2.96503 
0.6875 3.058 
0.683 3.1703 
0.6732 3.08482 
0.6851 3.55253 
0.6196 3.89916 
0.6979 2.59846 
0.6407 3.93035 
0.7021 2.78007 
0.6176 4.84861 
0.7016 2.4978 
0.6423 4.4651 
0.6992 3.55742 
0.6684 3.53774 
0.6906 2.96231 
0.659 3.26445 
0.6998 2.90839 
0.638 4.2894 
0.6841 3.60159 
0.695 2.88344 
0.6842 3.50011 
0.1143 2.30262 
0.4224 1.64109 
0.4637 1.47898 
0.4887 1.47973 
0.4832 1.46532 
0.4005 1.75067 
0.3896 1.81996 
0.3333 2.00271 
0.3779 1.74197 
0.3215 2.20416 
0.3414 1.88951 
0.3173 2.02892 
0.2783 2.0971 
0.2111 2.19908 
0.2315 2.24787 
0.2085 2.30557 
0.2269 2.14583 
0.1763 2.41806 
0.0607 2.30268 
0.4741 1.50417 
0.5574 1.24946 
0.5944 1.19085 
0.644 1.02783 
0.6619 0.998561 
0.6476 1.016 
0.664 1.00284 
0.6682 0.967278 
0.675 0.978176 
0.6786 0.949556 
0.6866 0.947428 
0.6878 0.933214 
0.6894 0.935953 
0.6835 0.953668 
0.6813 0.991871 
0.675 0.990603 
0.6817 0.976277 
0.6889 0.951014 
0.6902 0.986192 
0.6793 0.959315 
0.6943 0.951186 
0.6707 1.02768 
0.7086 0.922636 
0.663 1.04087 
0.691 0.989172 
0.6779 1.02111 
0.6952 0.990623 
0.6743 1.04923 
0.6957 1.00566 
0.6654 1.07344 
0.6859 1.01012 
0.66 1.08365 
0.6791 1.05616 
0.6502 1.17505 
0.684 1.02861 
0.6642 1.07375 
0.6843 1.05866 
0.6948 0.992093 
0.6903 0.996486 
0.6527 1.12414 
0.6876 1.0608 
0.672 1.08315 
0.6875 1.02783 
0.6778 1.08206 
0.6892 1.05332 
0.6745 1.06172 
0.6921 1.03945 
0.6583 1.13923 
0.6865 1.05464 
0.6593 1.09285 
0.6829 1.06079 
0.6591 1.14574 
0.6656 1.13381 
0.6621 1.07373 
0.6585 1.12348 
0.6745 1.06271 
0.6843 1.04195 
0.6381 1.22649 
0.6872 1.03274 
0.6664 1.12721 
0.6679 1.14737 
0.6723 1.15582 
0.6725 1.11745 
0.6365 1.26756 
0.6525 1.0827 
0.6551 1.16399 
0.6624 1.12446 
0.6548 1.15565 
0.6738 1.09789 
0.6402 1.25224 
0.6543 1.1825 
0.6622 1.11324 
0.6625 1.11265 
0.6636 1.13381 
0.6328 1.16353 
0.6578 1.18709 
0.6399 1.23324 
0.6518 1.14817 
0.6489 1.18632 
0.6573 1.18117 
0.6341 1.18188 
0.6577 1.1893 
0.6427 1.23764 
0.674 1.10775 
0.647 1.15662 
0.6419 1.2085 
0.6706 1.05905 
0.6607 1.16114 
0.6298 1.28184 
0.6705 1.09364 
0.6148 1.24702 
0.6402 1.20911 
0.6683 1.07042 
0.6581 1.16527 
0.6401 1.18167 
0.6425 1.25182 
0.658 1.10656 
0.6498 1.21903 
0.6522 1.13768 
0.6626 1.15996 
0.6573 1.15937 
0.6725 1.09761 
0.6539 1.14423 
0.6438 1.21004 
0.6703 1.04262 
0.6592 1.15281 
0.6317 1.18489 
0.6614 1.07437 
0.6754 1.01739 
0.6394 1.17341 
0.6752 1.05235 
0.6404 1.16986 
0.6625 1.12817 
0.6461 1.15205 
0.6384 1.18464 
0.6412 1.17782 
0.6248 1.24879 
0.6566 1.12045 
0.6322 1.26161 
0.6465 1.13326 
0.0892 2.30281 
0.4875 1.45303 
0.5498 1.28224 
0.5643 1.21991 
0.5808 1.1912 
0.5894 1.16273 
0.5954 1.15256 
0.6032 1.13412 
0.6028 1.13031 
0.6092 1.11586 
0.6077 1.11589 
0.6139 1.10354 
0.6116 1.10615 
0.6192 1.09453 
0.6149 1.09792 
0.621 1.08748 
0.6191 1.0903 
0.6246 1.08163 
0.6221 1.08337 
0.6267 1.07666 
0.6246 1.07745 
0.6287 1.07249 
0.6267 1.0726 
0.6288 1.06901 
0.6281 1.06868 
0.6302 1.06604 
0.6293 1.06544 
0.6313 1.0634 
0.631 1.06266 
0.6308 1.06093 
0.6327 1.06017 
0.6314 1.05858 
0.6337 1.05788 
0.6324 1.05632 
0.6348 1.05575 
0.6327 1.05419 
0.6351 1.05377 
0.6342 1.0522 
0.6357 1.05194 
0.6353 1.05037 
0.6355 1.05026 
0.6364 1.0487 
0.6364 1.04873 
0.6366 1.04719 
0.637 1.04736 
0.6368 1.04583 
0.6373 1.04612 
0.637 1.0446 
0.6379 1.04502 
0.6372 1.0435 
0.6388 1.04403 
0.6374 1.0425 
0.639 1.04314 
0.6379 1.04161 
0.6391 1.04233 
0.6375 1.0408 
0.6397 1.04161 
0.6378 1.04006 
0.6403 1.04095 
0.6377 1.03939 
0.6404 1.04034 
0.6383 1.03877 
0.6406 1.03979 
0.6383 1.0382 
0.6406 1.03927 
0.6385 1.03767 
0.6405 1.0388 
0.6384 1.03719 
0.6404 1.03835 
0.6388 1.03673 
0.6404 1.03793 
0.6393 1.03631 
0.6408 1.03754 
0.6392 1.03591 
0.641 1.03717 
0.6391 1.03553 
0.6413 1.03682 
0.6392 1.03518 
0.6413 1.0365 
0.6395 1.03485 
0.6413 1.03618 
0.6394 1.03453 
0.6415 1.03588 
0.6393 1.03423 
0.6416 1.0356 
0.6394 1.03395 
0.6413 1.03533 
0.6401 1.03368 
0.6413 1.03507 
0.64 1.03342 
0.6414 1.03483 
0.64 1.03317 
0.6417 1.03459 
0.6406 1.03293 
0.6415 1.03436 
0.6409 1.03271 
0.6419 1.03414 
0.641 1.03249 
0.6419 1.03393 
0.6412 1.03228 
0.6419 1.03372 
0.6415 1.03208 
0.6421 1.03352 
0.6418 1.03188 
0.6425 1.03333 
0.6419 1.0317 
0.6424 1.03315 
0.642 1.03151 
0.6425 1.03297 
0.6419 1.03134 
0.6425 1.0328 
0.642 1.03117 
0.6426 1.03263 
0.642 1.031 
0.6428 1.03247 
0.642 1.03084 
0.6426 1.03231 
0.6421 1.03069 
0.6429 1.03215 
0.6424 1.03054 
0.6432 1.032 
0.098 2.30271 
0.4093 1.62667 
0.4775 1.45819 
0.5129 1.36559 
0.5544 1.25743 
0.5622 1.22867 
0.6111 1.1264 
0.6075 1.11131 
0.6351 1.05024 
0.6338 1.04087 
0.6572 0.998612 
0.6545 0.998402 
0.6693 0.959151 
0.6653 0.96907 
0.6831 0.929232 
0.6757 0.942606 
0.6887 0.904158 
0.6853 0.918667 
0.6965 0.883697 
0.6912 0.900583 
0.702 0.869434 
0.6966 0.883411 
0.7054 0.854221 
0.7018 0.870555 
0.7113 0.842619 
0.7083 0.857689 
0.7154 0.835396 
0.7112 0.848146 
0.7195 0.827778 
0.7168 0.838399 
0.7234 0.822043 
0.7185 0.832039 
0.7271 0.816334 
0.7209 0.826034 
0.7272 0.812232 
0.7242 0.81866 
0.73 0.808259 
0.7248 0.816138 
0.7319 0.802537 
0.7273 0.812515 
0.7333 0.798694 
0.7293 0.810055 
0.7352 0.792904 
0.7313 0.805703 
0.7358 0.789665 
0.7341 0.803302 
0.7377 0.787871 
0.7344 0.80442 
0.7379 0.787494 
0.7359 0.803756 
0.7385 0.784748 
0.7367 0.803347 
0.7406 0.784912 
0.7377 0.802551 
0.7416 0.782411 
0.7367 0.80434 
0.7399 0.785967 
0.7371 0.805631 
0.7414 0.786588 
0.7384 0.80805 
0.7416 0.785119 
0.7384 0.812681 
0.7422 0.782349 
0.7391 0.81915 
0.7427 0.7849 
0.7385 0.821136 
0.7443 0.784378 
0.7384 0.825176 
0.1055 2.30275 
0.1907 2.23594 
0.1941 2.17823 
0.214 2.17465 
0.1892 2.18497 
0.2466 2.07573 
0.2079 2.13405 
0.2307 2.10768 
0.2678 2.05275 
0.1 87.3365 
0.1 87.3365 
0.0859 2.30319 
0.1 87.3365 
0.0885 2.30283 
0.1072 2.3026 
0.3929 1.6891 
0.4449 1.55851 
0.4665 1.48775 
0.4903 1.44167 
0.4961 1.41166 
0.5074 1.38388 
0.5158 1.36229 
0.5205 1.34624 
0.528 1.3301 
0.5312 1.32058 
0.5373 1.30893 
0.538 1.30192 
0.5427 1.29295 
0.3995 1.7993 
0.4613 1.54034 
0.4524 1.56532 
0.4259 1.64152 
0.4072 1.70579 
0.3902 1.75168 
0.3747 1.79299 
0.365 1.80787 
0.3622 1.82756 
0.4067 1.68654 
0.4314 1.6174 
0.4454 1.57498 
0.4588 1.53288 
0.4716 1.4961 
0.4859 1.45614 
0.4986 1.42469 
0.5091 1.39516 
0.52 1.37221 
0.5253 1.35151 
0.5339 1.3353 
0.5357 1.32122 
0.5407 1.3096 
0.543 1.30082 
0.5475 1.2913 
0.5484 1.28444 
0.5532 1.27815 
0.5511 1.28572 
0.4594 1.53591 
0.5102 1.40935 
0.5152 1.38992 
0.5112 1.39328 
0.5088 1.39886 
0.5028 1.41718 
0.4942 1.43878 
0.4794 1.47524 
0.4731 1.48927 
0.4692 1.50993 
0.4658 1.51623 
0.4643 1.52884 
0.4636 1.53265 
0.4616 1.54303 
0.4629 1.53271 
0.4971 1.42368 
0.5159 1.3692 
0.5184 1.35633 
0.5265 1.33573 
0.5289 1.32806 
0.5336 1.31702 
0.5336 1.31117 
0.5385 1.30374 
0.5376 1.29843 
0.5413 1.29284 
0.5425 1.28805 
0.546 1.28263 
0.5474 1.2785 
0.5496 1.27378 
0.5493 1.2696 
0.5509 1.26543 
0.5546 1.26174 
0.5527 1.25797 
0.5575 1.25405 
0.5557 1.25062 
0.5584 1.24736 
0.5609 1.24489 
0.5443 1.31075 
0.5055 1.40252 
0.5093 1.39302 
0.5437 1.28623 
0.5547 1.25901 
0.5598 1.24517 
0.5641 1.23627 
0.566 1.22876 
0.5707 1.22263 
0.5706 1.21832 
0.5742 1.21343 
0.5743 1.20878 
0.5775 1.2054 
0.5774 1.20149 
0.5795 1.19858 
0.579 1.19489 
0.5829 1.19239 
0.5818 1.1887 
0.5847 1.18756 
0.5853 1.1832 
0.587 1.18181 
0.5871 1.17831 
0.5887 1.17685 
0.5879 1.1734 
0.5899 1.17169 
0.5898 1.16806 
0.5911 1.16684 
0.5907 1.16342 
0.5932 1.16223 
0.5926 1.15847 
0.5958 1.15771 
0.5941 1.15415 
0.5973 1.15348 
0.5952 1.15018 
0.598 1.14956 
0.5971 1.14593 
0.5995 1.14572 
0.5989 1.14208 
0.6015 1.14185 
0.6003 1.13821 
0.603 1.13874 
0.6013 1.13492 
0.6045 1.13514 
0.1102 2.30268 
0.408 1.64585 
0.4596 1.51238 
0.4826 1.45836 
0.4965 1.41798 
0.5056 1.39447 
0.5148 1.36818 
0.5199 1.35361 
0.5302 1.33659 
0.5319 1.32557 
0.5379 1.31329 
0.5393 1.30555 
0.5428 1.29563 
0.5436 1.28959 
0.5489 1.28043 
0.5513 1.27584 
0.5557 1.2684 
0.5551 1.26453 
0.5603 1.25749 
0.559 1.25458 
0.5652 1.24787 
0.5639 1.24547 
0.5686 1.23963 
0.5659 1.23812 
0.5707 1.2326 
0.5686 1.23071 
0.5741 1.2256 
0.5705 1.22395 
0.5757 1.21918 
0.5737 1.21763 
0.5782 1.21319 
0.5759 1.21203 
0.5794 1.20755 
0.5767 1.20643 
0.5823 1.20241 
0.5779 1.20165 
0.5835 1.1979 
0.5804 1.19708 
0.5844 1.19359 
0.5817 1.19246 
0.5859 1.18902 
0.579 1.19756 
0.5864 1.18553 
0.5789 1.20033 
0.514 1.37394 
0.512 1.38712 
0.4532 1.56164 
0.4982 1.43595 
0.5444 1.30459 
0.5585 1.26282 
0.5665 1.23545 
0.5717 1.22355 
0.5753 1.21117 
0.5764 1.20484 
0.5802 1.19728 
0.5819 1.1935 
0.584 1.18797 
0.5849 1.18536 
0.588 1.18132 
0.5875 1.17919 
0.5898 1.176 
0.589 1.17371 
0.5913 1.17104 
0.591 1.16893 
0.592 1.16628 
0.5921 1.16457 
0.5936 1.16208 
0.5933 1.16036 
0.594 1.15825 
0.5958 1.15633 
0.5954 1.15494 
0.5949 1.15343 
0.5967 1.15183 
0.5958 1.15012 
0.5982 1.14875 
0.5972 1.14721 
0.5989 1.14573 
0.5993 1.14445 
0.6 1.1429 
0.5999 1.14141 
0.5998 1.14029 
0.6 1.1387 
0.6007 1.13768 
0.6015 1.13622 
0.6024 1.13523 
0.6032 1.13385 
0.6048 1.13294 
0.6041 1.13159 
0.6051 1.13043 
0.6045 1.12933 
0.6053 1.12829 
0.6052 1.12702 
0.6062 1.12608 
0.6054 1.12458 
0.6058 1.12403 
0.6071 1.12274 
0.6075 1.12224 
0.6074 1.12097 
0.6085 1.12044 
0.6075 1.1196 
0.6074 1.11919 
0.6079 1.11767 
0.6091 1.11721 
0.6087 1.11594 
0.6092 1.11552 
0.6098 1.11419 
0.6106 1.11367 
0.6106 1.11247 
0.6112 1.11193 
0.1006 2.30242 
0.418 1.60634 
0.4565 1.48035 
0.3959 1.80649 
0.435 1.65628 
0.3993 1.73556 
0.3918 1.73318 
0.3499 2.15018 
0.3486 1.82681 
0.3137 2.02963 
0.35 1.80474 
0.2959 2.21772 
0.2641 2.09561 
0.2678 2.07028 
0.2418 2.04256 
0.2398 2.18867 
0.2207 2.20932 
0.1 78.6029 
0.1 87.3365 
0.1 87.3365 
0.1 87.3365 
0.1 87.3365 
0.1 87.3365 
0.1 87.3365 
0.1 87.3365 
0.1 87.3365 
0.1 87.3365 
0.1 87.3365 
0.1 87.3365 
0.1 87.3365 
0.1 87.3365 
0.1 87.3365 
0.1 87.3365 
0.1 87.3365 
0.1 87.3365 
0.1 87.3365 
0.1 87.3365 
0.1 87.3365 
0.1 87.3365 
0.1 87.3365 
0.1 87.3365 
0.1 87.3365 
0.1 87.3365 
0.1 87.3365 
0.1 87.3365 
0.1 87.3365 
0.1 87.3365 
0.1 87.3365 
0.1 87.3365 
0.1 87.3365 
0.1 87.3365 
0.1 87.3365 
0.1 87.3365 
0.1 87.3365 
0.1 87.3365 
0.1 87.3365 
0.1 87.3365 
0.1 87.3365 
0.1 87.3365 
0.1 87.3365 
0.1 87.3365 
0.1 87.3365 
0.1 87.3365 
0.1 87.3365 
0.1 87.3365 
0.1 87.3365 
0.1 87.3365 
0.1 87.3365 
0.1 87.3365 
0.1 87.3365 
0.1 87.3365 
0.1 87.3365 
0.1 87.3365 
0.1 87.3365 
0.1 87.3365 
0.1 87.3365 
0.1 87.3365 
0.1 87.3365 
0.1 87.3365 
0.1 87.3365 
0.1 87.3365 
0.1 87.3365 
0.1 87.3365 
0.1 87.3365 
0.1 87.3365 
0.1 87.3365 
0.1 87.3365 
0.1 87.3365 
0.1 87.3365 
0.1 87.3365 
0.1 87.3365 
0.1 87.3365 
0.1 87.3365 
0.1 87.3365 
0.1 87.3365 
0.1 87.3365 
0.1 87.3365 
0.1 87.3365 
0.1 87.3365 
0.1 87.3365 
0.1 87.3365 
0.1 87.3365 
0.1 87.3365 
0.1 87.3365 
0.1 87.3365 
0.1 87.3365 
0.1 87.3365 
0.1 87.3365 
0.1 87.3365 
0.1 87.3365 
0.1 87.3365 
0.1 87.3365 
0.1 87.3365 
0.1 87.3365 
0.1 87.3365 
0.1 87.3365 
0.1 87.3365 
0.1 87.3365 
0.1 87.3365 
0.1 87.3365 
0.1 87.3365 
0.1159 2.30248 
0.4557 1.48827 
0.4491 1.53001 
0.3594 1.83517 
0.1029 2.30253 
0.1 87.3365 
0.0821 2.30273 
0.1 87.3365 
0.1213 2.30256 
0.1071 2.30266 
0.0992 2.30268 
0.1135 2.30279 
0.0982 2.30263 
0.1016 2.30286 
0.0849 2.30282 
0.1284 2.30265 
0.1046 2.30268 
0.0982 2.30255 
0.1061 2.3026 
0.107 2.3027 
0.0882 2.30237 
0.0935 2.30251 
0.0968 2.30254 
0.0994 2.30237 
0.1136 2.30243 
0.102 2.3026 
0.0841 2.30295 
0.0673 2.30257 
0.1184 2.3024 
0.1101 2.30257 
0.1093 2.30252 
0.0828 2.30236 
0.1022 2.30258 
0.1235 2.30234 
0.0608 2.3026 
0.1174 2.30237 
0.0801 2.30267 
0.1095 2.30245 
0.1119 2.30239 
0.112 2.3026 
0.1247 2.30269 
0.1206 2.30216 
0.0916 2.30247 
0.1043 2.30289 
0.111 2.30253 
0.0914 2.30263 
0.116 2.30258 
0.1186 2.30247 
0.1095 2.30247 
0.1046 2.30255 
0.0991 2.30259 
0.0926 2.3025 
0.1032 2.30272 
0.4603 1.51976 
0.576 1.19787 
0.5678 1.25225 
0.6186 1.08496 
0.6261 1.09894 
0.6407 1.0665 
0.6363 1.07108 
0.6458 1.03525 
0.642 1.06824 
0.6284 1.09929 
0.6564 1.03835 
0.6201 1.15422 
0.6352 1.1266 
0.6272 1.17109 
0.663 1.04322 
0.6371 1.09511 
0.6595 1.06691 
0.6611 1.04092 
0.642 1.14949 
0.659 1.03464 
0.6593 1.05806 
0.6512 1.06814 
0.6469 1.11318 
0.6531 1.07902 
0.6401 1.15521 
0.6102 1.23561 
0.6205 1.2886 
0.6498 1.1334 
0.6343 1.25677 
0.626 1.27812 
0.641 1.23927 
0.6259 1.20586 
0.6335 1.30262 
0.6568 1.13703 
0.6301 1.30561 
0.6159 1.2293 
0.6299 1.33695 
0.6404 1.2413 
0.6408 1.32973 
0.611 1.27614 
0.6213 1.34624 
0.623 1.30866 
0.5595 1.65489 
0.6505 1.1644 
0.6313 1.2849 
0.6294 1.23501 
0.5878 1.43206 
0.6462 1.16551 
0.606 1.31367 
0.6076 1.45309 
0.6032 1.43464 
0.6067 1.37582 
0.623 1.2864 
0.637 1.16436 
0.5552 1.73631 
0.1033 2.30257 
0.1178 2.30227 
0.1 87.3365 
0.1 87.3365 
0.0928 2.30244 
0.098 2.30266 
0.1028 2.30256 
0.0975 2.30242 
0.1335 2.30281 
0.1 2.31652 
0.0787 2.30285 
0.1 2.31671 
0.1 2.31865 
0.1 2.38005 
0.1 2.39041 
0.1182 2.30249 
0.1 2.32758 
0.0877 2.3027 
0.4356 1.6086 
0.5667 1.22744 
0.5461 1.28516 
0.617 1.1157 
0.6031 1.15273 
0.6207 1.10979 
0.6282 1.10322 
0.6411 1.05955 
0.6663 0.996167 
0.6685 0.988638 
0.6807 0.956638 
0.6632 0.99781 
0.6844 0.942897 
0.6671 0.99838 
0.6738 0.998572 
0.686 0.955317 
0.6704 1.00118 
0.688 0.982323 
0.6683 1.01982 
0.6692 1.06197 
0.6759 1.00936 
0.6701 1.03585 
0.6847 1.00396 
0.6606 1.04933 
0.6778 1.01669 
0.6689 1.03996 
0.6761 0.995105 
0.6907 1.03541 
0.6665 1.05274 
0.6904 1.04957 
0.6733 1.04372 
0.6717 1.07749 
0.6822 1.02898 
0.6701 1.06139 
0.6699 1.09052 
0.6662 1.11881 
0.6537 1.11875 
0.6633 1.16111 
0.6515 1.19507 
0.633 1.2285 
0.6715 1.11487 
0.6682 1.11434 
0.6603 1.1433 
0.6656 1.15582 
0.6707 1.11407 
0.6625 1.11899 
0.6528 1.21552 
0.6738 1.10833 
0.6626 1.16473 
0.6482 1.25291 
0.6347 1.23961 
0.6796 1.05945 
0.6665 1.1643 
0.6658 1.15167 
0.6198 1.32106 
0.6548 1.19323 
0.6787 1.15615 
0.6554 1.16938 
0.6745 1.18325 
0.6484 1.20632 
0.6261 1.37227 
0.6495 1.17791 
0.6761 1.18736 
0.6348 1.2137 
0.6394 1.25911 
0.6448 1.20951 
0.6498 1.27552 
0.6574 1.13742 
0.6324 1.37758 
0.6541 1.15392 
0.661 1.2101 
0.6363 1.25608 
0.6539 1.27851 
0.6216 1.31098 
0.6275 1.31788 
0.648 1.27024 
0.649 1.39905 
0.6477 1.19872 
0.6167 1.51205 
0.648 1.25731 
0.646 1.29043 
0.6537 1.16236 
0.6289 1.35393 
0.6082 1.36876 
0.622 1.40803 
0.5866 1.63579 
0.606 1.42689 
0.5987 1.3316 
0.6254 1.405 
0.6163 1.42139 
0.5993 1.51881 
0.5948 1.5103 
0.6557 1.22568 
0.6132 1.40522 
0.6116 1.37629 
0.6284 1.25678 
0.6413 1.24136 
0.6275 1.25671 
0.6083 1.36686 
0.6206 1.23926 
0.628 1.38232 
0.6082 1.29287 
0.6286 1.31054 
0.5966 1.35561 
0.6256 1.25458 
0.5817 1.4685 
0.5973 1.4247 
0.5951 1.49547 
0.631 1.20573 
0.6255 1.19987 
0.5944 1.37646 
0.5989 1.29655 
0.5915 1.35318 
0.6046 1.26315 
0.6176 1.31671 
0.5989 1.33132 
0.6458 1.21955 
0.5813 1.51704 
0.6129 1.23169 
0.6389 1.2525 
0.0806 2.30301 
0.4191 1.59785 
0.4821 1.44206 
0.5155 1.34387 
0.5469 1.27126 
0.5644 1.22742 
0.589 1.17262 
0.5973 1.14172 
0.6174 1.09591 
0.6232 1.07937 
0.6399 1.03866 
0.6396 1.0376 
0.6537 1.00042 
0.649 1.01129 
0.6657 0.972396 
0.6568 0.987208 
0.6733 0.95184 
0.6626 0.968006 
0.6802 0.93437 
0.6697 0.950387 
0.6842 0.920782 
0.6763 0.935174 
0.6885 0.908655 
0.681 0.923029 
0.6947 0.897071 
0.6854 0.912662 
0.6981 0.886773 
0.6888 0.903762 
0.6992 0.878324 
0.6928 0.895714 
0.7012 0.871212 
0.6972 0.888238 
0.7036 0.864052 
0.6993 0.881129 
0.7054 0.857635 
0.702 0.875757 
0.7077 0.852572 
0.704 0.870411 
0.7104 0.846578 
0.7083 0.86522 
0.712 0.84102 
0.7102 0.859702 
0.7136 0.836234 
0.7105 0.856152 
0.7144 0.832103 
0.7124 0.850801 
0.7155 0.828212 
0.7144 0.846477 
0.7158 0.823861 
0.7149 0.84233 
0.7182 0.820936 
0.7138 0.837955 
0.7195 0.81773 
0.7145 0.834888 
0.7209 0.814375 
0.7167 0.830649 
0.7226 0.812301 
0.7193 0.828326 
0.7237 0.80937 
0.72 0.82504 
0.7244 0.80722 
0.7216 0.822099 
0.7251 0.804843 
0.7222 0.81963 
0.7252 0.802798 
0.7242 0.8172 
0.7261 0.800656 
0.7248 0.814353 
0.7281 0.798781 
0.7261 0.812372 
0.7291 0.796935 
0.7269 0.809766 
0.7297 0.794895 
0.7274 0.807521 
0.7303 0.792945 
0.729 0.805069 
0.7315 0.791458 
0.7286 0.803691 
0.7319 0.789454 
0.7294 0.801456 
0.7329 0.78787 
0.7292 0.799956 
0.7335 0.786242 
0.7297 0.798103 
0.7332 0.785038 
0.7303 0.796771 
0.7346 0.783456 
0.7314 0.795393 
0.7352 0.782446 
0.7318 0.793986 
0.7353 0.780442 
0.7326 0.792776 
0.7361 0.779754 
0.7341 0.790788 
0.7365 0.77846 
0.7347 0.789311 
0.7369 0.777561 
0.7356 0.788017 
0.7375 0.77664 
0.7361 0.786509 
0.7379 0.775528 
0.7367 0.785393 
0.7387 0.774645 
0.7369 0.784275 
0.74 0.773779 
0.7367 0.783404 
0.7403 0.773157 
0.738 0.782722 
0.7408 0.772217 
0.7385 0.781787 
0.7407 0.771015 
0.7389 0.781093 
0.7414 0.770076 
0.7395 0.780206 
0.7422 0.770302 
0.7403 0.779734 
0.7427 0.769511 
0.7406 0.779035 
0.7425 0.768449 
0.7408 0.778493 
0.7434 0.767854 
0.093 2.30243 
0.4243 1.60131 
0.478 1.45958 
0.5178 1.34893 
0.5397 1.29916 
0.5679 1.2156 
0.5948 1.15502 
0.6063 1.11097 
0.6329 1.05027 
0.6413 1.04126 
0.6584 0.985964 
0.659 0.985002 
0.6733 0.943481 
0.6771 0.942781 
0.6875 0.909883 
0.688 0.912968 
0.6966 0.887084 
0.6968 0.888802 
0.7059 0.869471 
0.7027 0.866046 
0.7099 0.853361 
0.706 0.849285 
0.7135 0.842023 
0.7114 0.835834 
0.717 0.834623 
0.7162 0.826483 
0.7191 0.827839 
0.7206 0.817054 
0.72 0.822862 
0.723 0.810184 
0.7229 0.814543 
0.7263 0.803531 
0.7241 0.810872 
0.7299 0.798766 
0.7289 0.80334 
0.7307 0.794985 
0.7301 0.802173 
0.7331 0.790532 
0.7325 0.801071 
0.7354 0.786531 
0.7338 0.79881 
0.7364 0.784067 
0.7357 0.795346 
0.7366 0.782798 
0.7368 0.793635 
0.7381 0.781022 
0.7368 0.794825 
0.7381 0.781555 
0.7388 0.794549 
0.7377 0.782389 
0.7387 0.795424 
0.7383 0.782299 
0.7401 0.795325 
0.7389 0.784452 
0.7401 0.79691 
0.7392 0.785392 
0.7396 0.797299 
0.7408 0.785026 
0.7417 0.80129 
0.741 0.788167 
0.7415 0.801312 
0.7425 0.791866 
0.7413 0.801072 
0.7417 0.794693 
0.7401 0.805614 
0.7418 0.799054 
0.7404 0.809814 
0.7415 0.805306 
0.7392 0.814552 
0.7413 0.811392 
0.7393 0.816656 
0.7405 0.814299 
0.7394 0.822044 
0.7416 0.815652 
0.7403 0.827667 
0.741 0.823717 
0.7405 0.831338 
0.7392 0.828567 
0.7393 0.836757 
0.7393 0.834293 
0.7395 0.840797 
0.7389 0.83925 
0.7387 0.846436 
0.7398 0.842239 
0.7384 0.850195 
0.7398 0.845556 
0.7385 0.852955 
0.7399 0.852431 
0.7385 0.858296 
0.7407 0.857338 
0.7383 0.864446 
0.741 0.862263 
0.7378 0.870918 
0.7403 0.869109 
0.7379 0.875604 
0.7404 0.876839 
0.7384 0.882494 
0.74 0.881783 
0.7383 0.88365 
0.7389 0.889142 
0.7397 0.888305 
0.7387 0.897752 
0.7395 0.898589 
0.7387 0.90536 
0.7406 0.896778 
0.7382 0.916612 
0.7405 0.903419 
0.7368 0.924611 
0.7415 0.90555 
0.7367 0.936474 
0.7416 0.911977 
0.7368 0.945802 
0.7426 0.914478 
0.736 0.953583 
0.7417 0.923586 
0.735 0.966287 
0.7407 0.929863 
0.734 0.978509 
0.7429 0.933697 
0.7338 0.985959 
0.7432 0.938461 
0.1061 2.30272 
0.4141 1.62011 
0.4782 1.44918 
0.5232 1.33874 
0.5493 1.27056 
0.5747 1.20533 
0.5911 1.16123 
0.608 1.11916 
0.6161 1.09122 
0.6247 1.06489 
0.6318 1.04293 
0.6376 1.02854 
0.6443 1.00999 
0.6482 1.00069 
0.6572 0.983111 
0.6579 0.979306 
0.6662 0.961465 
0.6642 0.961236 
0.6735 0.942958 
0.6692 0.947307 
0.6793 0.928103 
0.6737 0.936133 
0.6848 0.914831 
0.6789 0.926095 
0.6893 0.903549 
0.6837 0.915996 
0.6933 0.89292 
0.6877 0.908308 
0.698 0.883268 
0.6911 0.901274 
0.7007 0.874584 
0.6941 0.895639 
0.7041 0.867309 
0.6967 0.889656 
0.7073 0.860935 
0.6986 0.885506 
0.709 0.855133 
0.7015 0.881577 
0.712 0.849618 
0.7028 0.877216 
0.7136 0.844778 
0.7044 0.873964 
0.7157 0.840449 
0.7057 0.869751 
0.7173 0.836206 
0.7068 0.866363 
0.7175 0.833258 
0.7076 0.863883 
0.7187 0.830267 
0.7078 0.861522 
0.7189 0.827473 
0.709 0.858897 
0.7199 0.824667 
0.71 0.856737 
0.7219 0.822396 
0.7091 0.855263 
0.722 0.820444 
0.7109 0.853272 
0.7235 0.818817 
0.7125 0.851118 
0.7237 0.817146 
0.7135 0.849458 
0.7251 0.815525 
0.7146 0.848193 
0.7257 0.813752 
0.7155 0.846244 
0.7262 0.812432 
0.7157 0.844437 
0.7272 0.810531 
0.7162 0.843318 
0.7271 0.809477 
0.7164 0.841895 
0.7279 0.808244 
0.7173 0.840863 
0.7283 0.807034 
0.7183 0.839264 
0.728 0.805908 
0.7197 0.837561 
0.7286 0.805026 
0.72 0.836413 
0.7291 0.80421 
0.7202 0.835137 
0.7305 0.803067 
0.7213 0.834301 
0.7314 0.802105 
0.7215 0.833043 
0.7311 0.801301 
0.7222 0.832123 
0.7326 0.800478 
0.7228 0.831746 
0.733 0.799808 
0.7236 0.831001 
0.7332 0.799457 
0.7238 0.829909 
0.7333 0.799192 
0.724 0.82922 
0.7328 0.798487 
0.7253 0.828796 
0.7331 0.798027 
0.7255 0.828725 
0.7326 0.797492 
0.7257 0.827869 
0.7322 0.797469 
0.7258 0.827486 
0.7331 0.796978 
0.7264 0.827002 
0.7336 0.79663 
0.7266 0.826319 
0.7337 0.79634 
0.7264 0.82603 
0.7341 0.795905 
0.7265 0.825504 
0.7346 0.795471 
0.7275 0.825628 
0.7346 0.795155 
0.7282 0.824802 
0.7349 0.794721 
0.7289 0.8246 
0.7346 0.794327 
0.729 0.824482 
0.7345 0.79404 
0.1137 2.30276 
0.3996 1.67453 
0.4797 1.48044 
0.4944 1.41847 
0.5431 1.30064 
0.5485 1.27488 
0.5879 1.18596 
0.5895 1.17117 
0.621 1.10358 
0.6168 1.10216 
0.6385 1.0466 
0.6343 1.05713 
0.6501 1.00875 
0.6435 1.0259 
0.6605 0.982145 
0.652 1.00227 
0.6666 0.961708 
0.6555 0.984234 
0.6741 0.944126 
0.6603 0.970001 
0.6791 0.930418 
0.6688 0.954737 
0.684 0.918711 
0.6717 0.944735 
0.6893 0.907199 
0.6752 0.93533 
0.6915 0.896552 
0.6785 0.927073 
0.6942 0.887623 
0.6816 0.919984 
0.6963 0.879916 
0.6869 0.912444 
0.6986 0.872369 
0.6898 0.905961 
0.7007 0.866474 
0.6923 0.900484 
0.7035 0.86061 
0.6944 0.895088 
0.7055 0.854879 
0.6965 0.891156 
0.7082 0.850203 
0.6976 0.88598 
0.7103 0.845767 
0.7003 0.879879 
0.7123 0.842199 
0.7027 0.87615 
0.7136 0.83819 
0.7047 0.872535 
0.7147 0.834545 
0.7056 0.869666 
0.7167 0.831652 
0.7081 0.866234 
0.7184 0.828657 
0.7093 0.863542 
0.7194 0.825748 
0.7102 0.860929 
0.7207 0.823047 
0.7107 0.857931 
0.721 0.819779 
0.7124 0.85414 
0.7222 0.817841 
0.7137 0.852003 
0.724 0.81558 
0.7138 0.849284 
0.7248 0.813395 
0.7147 0.846404 
0.7259 0.811135 
0.7166 0.843353 
0.7265 0.809062 
0.7178 0.840154 
0.7272 0.807389 
0.7184 0.837451 
0.7283 0.805548 
0.7199 0.835317 
0.7287 0.803976 
0.7208 0.833137 
0.7295 0.802495 
0.7214 0.830613 
0.7308 0.801258 
0.7223 0.828804 
0.7315 0.799886 
0.723 0.827024 
0.732 0.79879 
0.7224 0.825109 
0.7329 0.797511 
0.7227 0.822613 
0.7336 0.79616 
0.7247 0.821246 
0.7337 0.794897 
0.7248 0.819043 
0.7343 0.793933 
0.7251 0.817803 
0.7347 0.793112 
0.7257 0.816148 
0.7344 0.792043 
0.7262 0.81447 
0.7346 0.791292 
0.7268 0.81356 
0.7349 0.790549 
0.7272 0.81226 
0.7351 0.789802 
0.7283 0.811121 
0.7351 0.788878 
0.7297 0.81021 
0.7367 0.78835 
0.7302 0.809466 
0.7367 0.78759 
0.7316 0.807918 
0.7373 0.7871 
0.7315 0.806762 
0.7368 0.786306 
0.7324 0.805728 
0.7376 0.785724 
0.7341 0.80474 
0.7378 0.785137 
0.7339 0.804378 
0.7385 0.784659 
0.7345 0.803347 
0.7385 0.784276 
0.7341 0.802047 
0.7385 0.783881 
0.0663 2.30271 
0.4009 1.64763 
0.4729 1.47226 
0.5087 1.37014 
0.534 1.30385 
0.5605 1.2315 
0.5861 1.17053 
0.5982 1.12798 
0.6262 1.07225 
0.6291 1.0538 
0.6492 1.00662 
0.6521 0.999762 
0.6698 0.959769 
0.6695 0.961721 
0.6822 0.925255 
0.6821 0.930345 
0.6951 0.894885 
0.6925 0.9065 
0.7034 0.871447 
0.699 0.884111 
0.7119 0.852116 
0.7043 0.868208 
0.7168 0.83791 
0.7083 0.857508 
0.7204 0.827158 
0.7108 0.847917 
0.7232 0.818606 
0.7134 0.838833 
0.7268 0.813069 
0.717 0.832135 
0.7299 0.805388 
0.7186 0.825043 
0.7319 0.801039 
0.7195 0.822123 
0.733 0.797793 
0.722 0.817724 
0.7337 0.794799 
0.7241 0.814884 
0.7364 0.792868 
0.7259 0.81414 
0.7354 0.792521 
0.7285 0.813366 
0.7362 0.788253 
0.7293 0.81448 
0.7369 0.785684 
0.729 0.815237 
0.7374 0.787311 
0.7305 0.814745 
0.7384 0.786756 
0.7319 0.814452 
0.7393 0.788148 
0.7325 0.813029 
0.7403 0.788899 
0.7331 0.81574 
0.7405 0.789519 
0.7327 0.81831 
0.7417 0.789901 
0.7331 0.819061 
0.7415 0.790893 
0.7339 0.821454 
0.7425 0.790638 
0.7336 0.823253 
0.743 0.792838 
0.735 0.824854 
0.7429 0.794776 
0.7356 0.828326 
0.743 0.796148 
0.7367 0.828243 
0.743 0.797868 
0.737 0.829985 
0.7441 0.801458 
0.7376 0.829719 
0.7451 0.804156 
0.7376 0.833827 
0.7456 0.804441 
0.7377 0.838524 
0.746 0.80697 
0.7384 0.841648 
0.7464 0.81022 
0.7382 0.847482 
0.7452 0.81505 
0.738 0.851783 
0.746 0.819243 
0.7391 0.856879 
0.7463 0.822664 
0.7392 0.862276 
0.7474 0.823896 
0.7401 0.867776 
0.7482 0.827442 
0.7395 0.871723 
0.7477 0.834276 
0.7392 0.878783 
0.7476 0.839731 
0.7392 0.886708 
0.7483 0.84457 
0.7393 0.891367 
0.7484 0.848682 
0.7403 0.89704 
0.7469 0.856242 
0.7405 0.902483 
0.7464 0.863156 
0.7409 0.909557 
0.7461 0.872556 
0.741 0.915785 
0.7461 0.879943 
0.7422 0.919942 
0.7448 0.8871 
0.7422 0.925002 
0.7466 0.895333 
0.7434 0.930167 
0.7474 0.903216 
0.7431 0.935525 
0.7455 0.911231 
0.7427 0.942512 
0.7457 0.913988 
0.742 0.947925 
0.7446 0.920944 
0.7417 0.955621 
0.7452 0.931265 
0.7414 0.963438 
0.7451 0.940692 
0.1111 2.30256 
0.4829 1.49713 
0.5899 1.18494 
0.5779 1.26571 
0.6595 0.983942 
0.6445 1.04987 
0.6852 0.919998 
0.6706 0.985504 
0.7083 0.869925 
0.6835 0.938611 
0.7075 0.861955 
0.688 0.933621 
0.7165 0.846068 
0.6951 0.926301 
0.719 0.834442 
0.6928 0.955293 
0.7239 0.838218 
0.7006 0.924258 
0.7194 0.856037 
0.6975 0.939978 
0.7185 0.864732 
0.7058 0.926756 
0.7221 0.87446 
0.6995 0.946208 
0.7239 0.884156 
0.6996 0.944696 
0.7248 0.897162 
0.7037 0.960445 
0.7173 0.926854 
0.705 0.948581 
0.7249 0.908859 
0.7165 0.92416 
0.7269 0.909368 
0.7182 0.918375 
0.722 0.918008 
0.719 0.96582 
0.7286 0.921259 
0.7097 1.00658 
0.724 0.948161 
0.7031 1.03992 
0.7189 0.968205 
0.7059 1.03525 
0.7213 0.963394 
0.7099 1.01802 
0.7196 1.01012 
0.712 1.02027 
0.7135 1.01998 
0.719 1.00672 
0.7163 1.01859 
0.7225 0.991112 
0.7178 1.03781 
0.7226 1.00081 
0.7215 1.01779 
0.721 1.01496 
0.7271 1.03673 
0.7182 1.01502 
0.7266 1.04986 
0.7172 1.04247 
0.7281 1.05217 
0.7179 1.04023 
0.7286 1.08302 
0.7119 1.09602 
0.722 1.10974 
0.7214 1.06343 
0.7213 1.18372 
0.7213 1.05782 
0.7216 1.12602 
0.7138 1.07432 
0.7218 1.15051 
0.712 1.12133 
0.7233 1.12491 
0.7157 1.08547 
0.7222 1.10872 
0.7231 1.05608 
0.7291 1.10374 
0.7066 1.17304 
0.7207 1.12357 
0.7208 1.12523 
0.7256 1.1223 
0.717 1.15366 
0.7237 1.15498 
0.7143 1.15542 
0.7209 1.16968 
0.7191 1.1271 
0.7155 1.18321 
0.7181 1.14604 
0.7102 1.23491 
0.715 1.15765 
0.7097 1.22203 
0.7065 1.21381 
0.7191 1.20257 
0.7161 1.2191 
0.7107 1.22778 
0.7141 1.22047 
0.7085 1.26148 
0.7115 1.22608 
0.7322 1.1675 
0.7146 1.22664 
0.7089 1.28712 
0.7117 1.23489 
0.7225 1.21178 
0.7231 1.17207 
0.7191 1.23877 
0.7212 1.19103 
0.7152 1.25587 
0.7168 1.2454 
0.7201 1.27025 
0.7152 1.22316 
0.7268 1.21325 
0.7222 1.18673 
0.7095 1.34285 
0.717 1.23069 
0.7095 1.33114 
0.7081 1.30442 
0.716 1.36283 
0.7208 1.24066 
0.7176 1.27021 
0.7199 1.27088 
0.7224 1.24732 
0.7127 1.27153 
0.7353 1.17817 
0.1233 2.30244 
0.4637 1.54105 
0.5486 1.27944 
0.5925 1.16799 
0.6383 1.04637 
0.6537 1.011 
0.6648 0.975193 
0.6719 0.973243 
0.6721 0.958845 
0.6904 0.93245 
0.6822 0.945449 
0.693 0.927004 
0.6846 0.946368 
0.7013 0.908976 
0.6805 0.968046 
0.7113 0.896612 
0.6876 0.960199 
0.7116 0.895732 
0.6996 0.928008 
0.7177 0.877693 
0.699 0.940966 
0.7137 0.888842 
0.7069 0.920534 
0.7224 0.875793 
0.7161 0.90408 
0.7247 0.890617 
0.7158 0.90945 
0.7272 0.896983 
0.7204 0.907653 
0.7248 0.908563 
0.7274 0.887017 
0.7305 0.912722 
0.726 0.89956 
0.7305 0.903422 
0.7233 0.908619 
0.7361 0.903015 
0.7262 0.92385 
0.7336 0.919141 
0.7275 0.953946 
0.7324 0.921184 
0.7342 0.925689 
0.7317 0.93835 
0.7267 0.967468 
0.7309 0.948462 
0.728 0.971963 
0.7295 0.959804 
0.7279 0.970475 
0.7348 0.961166 
0.724 0.984424 
0.7278 0.964972 
0.7272 1.00653 
0.7337 0.959424 
0.7244 1.01466 
0.733 1.00508 
0.7349 0.988949 
0.7295 0.99438 
0.7298 1.0123 
0.7331 0.996178 
0.7252 1.05523 
0.7255 1.02466 
0.7226 1.08181 
0.7253 1.0522 
0.7239 1.10575 
0.7274 1.0742 
0.7211 1.10473 
0.7208 1.08142 
0.7203 1.10839 
0.7112 1.14116 
0.7124 1.18309 
0.7092 1.16686 
0.7178 1.15482 
0.7036 1.19607 
0.723 1.10871 
0.7072 1.21801 
0.7139 1.17839 
0.7111 1.21274 
0.716 1.21405 
0.7097 1.19034 
0.7123 1.18482 
0.7115 1.21915 
0.7227 1.12903 
0.7131 1.19614 
0.7253 1.14588 
0.7115 1.19058 
0.717 1.22516 
0.7139 1.2078 
0.7305 1.17004 
0.7161 1.23323 
0.7171 1.1927 
0.7167 1.21669 
0.7162 1.2066 
0.7061 1.2723 
0.7306 1.13019 
0.7158 1.24106 
0.7139 1.25362 
0.7148 1.27328 
0.7252 1.1857 
0.7127 1.28132 
0.7214 1.16466 
0.7198 1.23926 
0.7129 1.24413 
0.7242 1.24226 
0.7204 1.17646 
0.7177 1.27338 
0.7226 1.19665 
0.7175 1.26687 
0.7273 1.20134 
0.7184 1.25243 
0.715 1.29525 
0.715 1.25442 
0.7191 1.24368 
0.7285 1.20909 
0.7142 1.26449 
0.7199 1.27125 
0.7192 1.22893 
0.7271 1.24648 
0.7178 1.25432 
0.7073 1.36628 
0.7348 1.17561 
0.7298 1.24142 
0.7265 1.23672 
0.077 2.30281 
0.4701 1.50184 
0.5837 1.18921 
0.5847 1.21156 
0.6505 1.02204 
0.6421 1.04375 
0.6787 0.943337 
0.677 0.954949 
0.6898 0.902663 
0.6922 0.906503 
0.6902 0.904437 
0.7017 0.888609 
0.7051 0.870982 
0.71 0.865417 
0.7107 0.8502 
0.7124 0.874624 
0.7202 0.833034 
0.7174 0.871935 
0.7297 0.818637 
0.72 0.872314 
0.7261 0.829989 
0.7252 0.872017 
0.7263 0.838855 
0.7223 0.882177 
0.7261 0.841805 
0.7256 0.880294 
0.725 0.851724 
0.7253 0.890193 
0.7226 0.861954 
0.713 0.927862 
0.7241 0.877815 
0.7157 0.941846 
0.7236 0.874635 
0.7091 0.966088 
0.7259 0.879327 
0.7165 0.970612 
0.7267 0.894256 
0.7173 0.981119 
0.7303 0.880739 
0.7214 0.984109 
0.7215 0.909889 
0.7132 1.01949 
0.7219 0.941069 
0.7228 0.98739 
0.7197 0.946628 
0.7297 0.968361 
0.7287 0.927904 
0.7339 0.965008 
0.7219 0.963835 
0.7311 0.996625 
0.7321 0.951027 
0.7269 1.02883 
0.7286 0.973302 
0.7268 1.03704 
0.7251 0.99781 
0.7291 1.02014 
0.7161 1.02929 
0.7327 1.00839 
0.7123 1.04092 
0.7235 1.05332 
0.7169 1.04962 
0.7175 1.11067 
0.7213 1.04927 
0.7191 1.16512 
0.7226 1.06612 
0.721 1.10722 
0.7171 1.06987 
0.7173 1.17589 
0.7156 1.10957 
0.7057 1.23682 
0.7275 1.08461 
0.716 1.22011 
0.7247 1.08745 
0.7223 1.22486 
0.7217 1.08989 
0.725 1.14421 
0.7264 1.07673 
0.7187 1.25509 
0.7205 1.14334 
0.7256 1.21627 
0.7227 1.13584 
0.7207 1.25142 
0.7241 1.10383 
0.7194 1.22428 
0.7267 1.11833 
0.719 1.24967 
0.7269 1.09669 
0.7239 1.22868 
0.7215 1.14241 
0.7166 1.31912 
0.7164 1.18333 
0.718 1.27753 
0.7227 1.20876 
0.7221 1.24239 
0.7266 1.20924 
0.7252 1.26226 
0.7248 1.17824 
0.7191 1.2717 
0.7289 1.17359 
0.7145 1.33942 
0.7182 1.20218 
0.7247 1.28552 
0.7229 1.19504 
0.721 1.27562 
0.7177 1.26207 
0.7258 1.25121 
0.7232 1.20485 
0.7264 1.26183 
0.7165 1.23201 
0.7245 1.23426 
0.7272 1.24315 
0.7293 1.26179 
0.7237 1.17987 
0.7171 1.35014 
0.7254 1.22133 
0.7273 1.25648 
0.7158 1.25961 
0.7244 1.29083 
0.7163 1.29872 
0.7197 1.3204 
0.7223 1.3306 
0.096 2.30246 
0.4215 1.61106 
0.4763 1.46247 
0.519 1.35412 
0.5452 1.27645 
0.5624 1.22464 
0.5972 1.14666 
0.5955 1.13658 
0.6255 1.0671 
0.6189 1.07768 
0.6481 1.01671 
0.6359 1.03213 
0.6604 0.984245 
0.6491 1.00315 
0.6687 0.962439 
0.6582 0.980542 
0.6741 0.94438 
0.6661 0.962538 
0.6791 0.93068 
0.6711 0.94754 
0.6834 0.917709 
0.6755 0.93609 
0.6867 0.906709 
0.6788 0.925021 
0.6907 0.897286 
0.6809 0.917384 
0.6938 0.888855 
0.6847 0.910918 
0.6982 0.882064 
0.688 0.903899 
0.7006 0.874781 
0.6896 0.89773 
0.7038 0.869048 
0.6911 0.892016 
0.7064 0.863243 
0.6944 0.887671 
0.7088 0.858784 
0.6962 0.883117 
0.7104 0.854344 
0.6986 0.878135 
0.7124 0.849783 
0.7001 0.874694 
0.7146 0.846074 
0.7015 0.871916 
0.7146 0.842597 
0.7035 0.867991 
0.7156 0.83938 
0.7046 0.86585 
0.7168 0.836071 
0.7051 0.862127 
0.718 0.833456 
0.7074 0.858315 
0.7198 0.830221 
0.7099 0.854467 
0.7198 0.827419 
0.7102 0.851509 
0.7214 0.825217 
0.7117 0.848878 
0.7232 0.822557 
0.7129 0.845963 
0.7242 0.820061 
0.7135 0.843875 
0.7246 0.817627 
0.7155 0.841196 
0.7253 0.815785 
0.7173 0.837966 
0.7261 0.814175 
0.7193 0.835416 
0.7273 0.812637 
0.7195 0.833667 
0.7276 0.811306 
0.7207 0.831848 
0.728 0.809593 
0.7207 0.830015 
0.7285 0.807758 
0.7219 0.828438 
0.7298 0.806231 
0.7226 0.82672 
0.7305 0.804705 
0.7236 0.824949 
0.7303 0.80337 
0.7239 0.823753 
0.7311 0.802078 
0.7241 0.822536 
0.7318 0.800647 
0.7245 0.820702 
0.7318 0.799454 
0.7251 0.819433 
0.7325 0.798381 
0.7245 0.818105 
0.7334 0.797131 
0.7248 0.816389 
0.7336 0.796188 
0.7265 0.815652 
0.7343 0.795811 
0.7268 0.814266 
0.7356 0.794586 
0.7275 0.813004 
0.7362 0.793642 
0.7281 0.811727 
0.7364 0.793 
0.7279 0.811078 
0.737 0.792028 
0.7283 0.810284 
0.7369 0.791538 
0.7286 0.809309 
0.7369 0.790979 
0.7292 0.808402 
0.7368 0.790509 
0.7296 0.80754 
0.737 0.789778 
0.7305 0.806665 
0.7377 0.789191 
0.7312 0.805376 
0.7382 0.788758 
0.7319 0.804321 
0.7383 0.788382 
0.7321 0.803807 
0.7376 0.78773 
0.733 0.803005 
0.7383 0.78744 
0.0422 2.30279 
0.4072 1.61491 
0.4745 1.45991 
0.5111 1.35217 
0.5423 1.28365 
0.5647 1.21688 
0.5887 1.16379 
0.6021 1.11561 
0.6217 1.07955 
0.6311 1.04296 
0.6477 1.02024 
0.6565 0.988328 
0.6648 0.972162 
0.6702 0.950569 
0.6773 0.932799 
0.6828 0.916926 
0.6903 0.899251 
0.69 0.891757 
0.7013 0.871574 
0.6991 0.87094 
0.7089 0.849043 
0.7078 0.853527 
0.7137 0.832687 
0.7129 0.838852 
0.7177 0.819234 
0.7167 0.82626 
0.7208 0.8108 
0.7226 0.812945 
0.7253 0.802731 
0.7269 0.803481 
0.7288 0.798625 
0.7306 0.798629 
0.7318 0.794363 
0.733 0.791481 
0.7335 0.789798 
0.7357 0.787555 
0.7363 0.786418 
0.7368 0.784644 
0.7368 0.781592 
0.7373 0.782443 
0.7389 0.778187 
0.74 0.778528 
0.7414 0.774906 
0.7412 0.777674 
0.7424 0.77449 
0.7434 0.776943 
0.7454 0.773358 
0.743 0.778623 
0.7466 0.772845 
0.7426 0.78006 
0.747 0.773361 
0.7434 0.781312 
0.7465 0.771942 
0.7451 0.779554 
0.7472 0.771441 
0.7467 0.781006 
0.7483 0.771514 
0.7463 0.784921 
0.7475 0.770305 
0.7462 0.786941 
0.7482 0.771414 
0.7454 0.789891 
0.7476 0.774891 
0.7452 0.791885 
0.749 0.777893 
0.7459 0.794615 
0.7501 0.782028 
0.7455 0.798685 
0.7491 0.787876 
0.7466 0.802102 
0.7501 0.788873 
0.7457 0.807583 
0.7508 0.792 
0.7438 0.815516 
0.7516 0.795384 
0.7447 0.81908 
0.7513 0.798193 
0.7429 0.826334 
0.7529 0.801317 
0.7438 0.830424 
0.7518 0.805423 
0.7427 0.834233 
0.7528 0.80752 
0.7431 0.841414 
0.7558 0.808547 
0.7437 0.84758 
0.7559 0.813426 
0.7443 0.850724 
0.7534 0.821038 
0.7452 0.856441 
0.7535 0.826133 
0.744 0.864464 
0.7537 0.828379 
0.7437 0.873611 
0.7529 0.83809 
0.7434 0.881016 
0.7531 0.844623 
0.7421 0.888043 
0.7527 0.850409 
0.7422 0.898585 
0.7522 0.858659 
0.7417 0.90578 
0.7535 0.86502 
0.7425 0.9099 
0.7536 0.872227 
0.7411 0.917794 
0.752 0.883762 
0.7404 0.926177 
0.7519 0.889303 
0.7396 0.93403 
0.7503 0.902419 
0.7382 0.943123 
0.7489 0.915975 
0.7387 0.947156 
0.7487 0.922114 
0.7376 0.956985 
0.7481 0.92937 
0.7371 0.967942 
0.7474 0.941945 
0.7366 0.978694 
0.7473 0.949239 
0.0999 2.30265 
0.3989 1.64272 
0.4663 1.47067 
0.501 1.38264 
0.5289 1.3106 
0.544 1.26105 
0.5776 1.19587 
0.5801 1.17493 
0.6088 1.11914 
0.6046 1.11285 
0.6221 1.0699 
0.6196 1.07365 
0.6371 1.03675 
0.6346 1.04178 
0.6451 1.00989 
0.6422 1.01723 
0.6546 0.989039 
0.6517 0.997082 
0.6626 0.969999 
0.6572 0.979087 
0.6715 0.95399 
0.6626 0.965119 
0.6758 0.940366 
0.6667 0.9532 
0.6789 0.928484 
0.6708 0.943432 
0.6829 0.917427 
0.6752 0.934327 
0.6872 0.90722 
0.6772 0.927213 
0.691 0.898599 
0.6799 0.920168 
0.6932 0.891053 
0.6828 0.913617 
0.6962 0.884125 
0.6847 0.909056 
0.699 0.87827 
0.688 0.902959 
0.7008 0.872767 
0.6908 0.898427 
0.7025 0.867274 
0.6932 0.89385 
0.7039 0.862466 
0.6953 0.888643 
0.7052 0.8575 
0.697 0.884669 
0.7074 0.853743 
0.6983 0.880819 
0.7089 0.850258 
0.6991 0.876893 
0.7107 0.846238 
0.6996 0.874075 
0.7117 0.842966 
0.7009 0.8716 
0.7117 0.839961 
0.7018 0.86858 
0.7128 0.836944 
0.702 0.866255 
0.7136 0.834145 
0.7033 0.864183 
0.715 0.831567 
0.7058 0.861846 
0.7168 0.828744 
0.7074 0.859552 
0.7183 0.826611 
0.7086 0.857475 
0.7199 0.824615 
0.7093 0.854886 
0.7211 0.822356 
0.7098 0.854055 
0.7216 0.820477 
0.71 0.852254 
0.7212 0.81906 
0.7117 0.850584 
0.7223 0.817104 
0.7129 0.848409 
0.7231 0.815577 
0.7146 0.846638 
0.7249 0.814179 
0.7151 0.844864 
0.7255 0.812629 
0.7165 0.84262 
0.7257 0.811267 
0.7173 0.841197 
0.7254 0.810054 
0.718 0.840234 
0.7264 0.808871 
0.719 0.839439 
0.7271 0.807525 
0.7191 0.838174 
0.7275 0.806174 
0.7198 0.837861 
0.7276 0.805321 
0.7203 0.837239 
0.7282 0.804322 
0.7212 0.836055 
0.7288 0.803315 
0.7222 0.835158 
0.7292 0.801975 
0.7225 0.834605 
0.7293 0.80144 
0.7229 0.833849 
0.73 0.800661 
0.7239 0.833178 
0.7301 0.799783 
0.7235 0.832138 
0.7308 0.798791 
0.7245 0.831175 
0.7316 0.797945 
0.7246 0.830431 
0.7315 0.797379 
0.7248 0.829363 
0.7315 0.796716 
0.7262 0.82891 
0.7322 0.795936 
0.726 0.828307 
0.7323 0.795168 
0.7274 0.827613 
0.733 0.794895 
0.7278 0.826938 
0.7333 0.794416 
0.095 2.30275 
0.4 1.64279 
0.4669 1.47757 
0.5123 1.3688 
0.5502 1.27668 
0.5644 1.22882 
0.5975 1.15254 
0.5998 1.13504 
0.6271 1.07827 
0.6246 1.07027 
0.6471 1.02849 
0.6453 1.02494 
0.6597 0.992461 
0.6581 0.990042 
0.6692 0.966121 
0.6675 0.96411 
0.6752 0.944397 
0.6741 0.943232 
0.6808 0.926931 
0.6793 0.925324 
0.6851 0.912112 
0.6858 0.910353 
0.6901 0.897713 
0.6901 0.898277 
0.6958 0.886629 
0.6936 0.888139 
0.6991 0.876368 
0.6964 0.879208 
0.701 0.868417 
0.6999 0.870261 
0.7041 0.85996 
0.7022 0.863015 
0.7073 0.852376 
0.7046 0.857105 
0.7106 0.845838 
0.7077 0.851186 
0.7122 0.839401 
0.7106 0.846076 
0.7143 0.834309 
0.7133 0.841641 
0.7158 0.829324 
0.7152 0.837113 
0.7173 0.82543 
0.7164 0.833403 
0.7203 0.820981 
0.7181 0.829583 
0.7216 0.816715 
0.7193 0.825856 
0.7236 0.813099 
0.7202 0.823113 
0.7244 0.810242 
0.7215 0.820304 
0.726 0.807294 
0.7215 0.817436 
0.7276 0.804488 
0.7226 0.815139 
0.7285 0.801777 
0.7238 0.812859 
0.7298 0.799127 
0.7246 0.810853 
0.7295 0.79709 
0.7251 0.80888 
0.7302 0.795157 
0.7259 0.807104 
0.7311 0.79314 
0.7271 0.80589 
0.7323 0.791316 
0.7269 0.80451 
0.7324 0.789447 
0.7282 0.802719 
0.7333 0.787883 
0.7286 0.801273 
0.734 0.786477 
0.7294 0.799803 
0.7343 0.784888 
0.7298 0.798802 
0.7352 0.783673 
0.731 0.797385 
0.7357 0.782477 
0.7311 0.796459 
0.7362 0.78148 
0.7318 0.795182 
0.7363 0.780516 
0.7313 0.794101 
0.7368 0.779416 
0.7324 0.793039 
0.7373 0.778493 
0.7326 0.792153 
0.7377 0.777658 
0.7332 0.790946 
0.7386 0.776443 
0.733 0.789803 
0.7386 0.775792 
0.7341 0.78881 
0.7394 0.774917 
0.7352 0.78765 
0.7398 0.774258 
0.7361 0.786462 
0.7403 0.773481 
0.7361 0.785442 
0.7403 0.772834 
0.736 0.784435 
0.7408 0.772038 
0.736 0.783675 
0.7415 0.77149 
0.7364 0.783137 
0.7415 0.771053 
0.7359 0.782817 
0.7417 0.770644 
0.7364 0.782077 
0.7424 0.769987 
0.7371 0.781482 
0.7419 0.76975 
0.7366 0.780957 
0.7419 0.769464 
0.7375 0.780301 
0.7414 0.769267 
0.7391 0.779861 
0.7415 0.769026 
0.7397 0.779708 
0.7415 0.76867 
0.7397 0.779305 
0.7424 0.768595 
0.74 0.779249 
0.7428 0.76828 
0.7402 0.778858 
0.7424 0.768207 
0.7404 0.778636 
0.7424 0.768209 
0.7414 0.778214 
0.7423 0.768042 
0.7415 0.777739 
0.7426 0.767802 
0.7416 0.777541 
0.7425 0.767796 
0.7417 0.777426 
0.7429 0.767531 
0.7424 0.776962 
0.7435 0.767646 
0.7424 0.777108 
0.7441 0.767567 
0.1178 2.30256 
0.3975 1.6533 
0.4666 1.47876 
0.5127 1.36723 
0.5494 1.28478 
0.564 1.22847 
0.5972 1.162 
0.603 1.137 
0.626 1.07662 
0.6275 1.07112 
0.6468 1.02339 
0.6437 1.02495 
0.6615 0.984675 
0.6562 0.992496 
0.673 0.951574 
0.6678 0.963874 
0.6826 0.925094 
0.6755 0.938258 
0.6896 0.903003 
0.6856 0.915097 
0.6993 0.884427 
0.6938 0.899745 
0.7029 0.869574 
0.696 0.887699 
0.7098 0.855729 
0.6998 0.876406 
0.713 0.848448 
0.7044 0.86639 
0.7165 0.842928 
0.7091 0.85875 
0.7179 0.836059 
0.7141 0.853139 
0.7225 0.831825 
0.7166 0.847291 
0.7244 0.825297 
0.7178 0.843477 
0.7249 0.823859 
0.7204 0.837537 
0.7257 0.823813 
0.7226 0.835507 
0.7255 0.823498 
0.7255 0.831323 
0.7255 0.826233 
0.726 0.829813 
0.7273 0.823604 
0.7268 0.826553 
0.7268 0.826552 
0.7291 0.82576 
0.7272 0.826438 
0.7311 0.826049 
0.7301 0.824405 
0.7326 0.826665 
0.7317 0.824994 
0.734 0.825727 
0.7323 0.826187 
0.7361 0.826356 
0.7315 0.828905 
0.7371 0.826555 
0.7318 0.831323 
0.7367 0.826039 
0.7312 0.835836 
0.7374 0.827893 
0.7299 0.841588 
0.7379 0.830814 
0.7333 0.837954 
0.7369 0.832553 
0.734 0.839424 
0.7374 0.834011 
0.7338 0.841159 
0.7379 0.835688 
0.7348 0.844241 
0.7384 0.838481 
0.7347 0.845607 
0.7393 0.842218 
0.735 0.84723 
0.7407 0.844129 
0.736 0.848385 
0.7421 0.846414 
0.7363 0.850807 
0.7426 0.849734 
0.7366 0.853678 
0.7434 0.854232 
0.7366 0.861136 
0.7425 0.858177 
0.7379 0.866378 
0.7427 0.862545 
0.7384 0.870109 
0.7417 0.869355 
0.7381 0.87333 
0.7406 0.87386 
0.7384 0.879742 
0.7398 0.880901 
0.7392 0.884859 
0.7407 0.887754 
0.7401 0.890234 
0.7417 0.893082 
0.7397 0.892538 
0.7417 0.901398 
0.7405 0.902739 
0.7418 0.905301 
0.741 0.907362 
0.7413 0.915614 
0.7414 0.909828 
0.7409 0.918161 
0.7411 0.917734 
0.7411 0.924383 
0.7417 0.923228 
0.7406 0.930081 
0.7413 0.932144 
0.7418 0.935997 
0.7416 0.939182 
0.7423 0.943921 
0.742 0.949111 
0.7418 0.953776 
0.7406 0.96067 
0.7421 0.959776 
0.7402 0.970193 
0.7436 0.968646 
0.7385 0.984216 
0.7432 0.975806 
0.7382 0.996827 
0.7413 0.98406 
0.7387 1.00637 
0.7416 0.989135 
0.7366 1.02253 
0.741 0.995261 
0.7377 1.03121 
0.7404 1.00497 
0.7372 1.0474 
0.741 1.01539 
0.7373 1.06374 
0.7392 1.02412 
0.7367 1.0845 
0.7393 1.03502 
0.7338 1.10403 
0.74 1.04263 
0.7314 1.11869 
0.7408 1.05342 
0.7307 1.13735 
0.7396 1.06725 
0.7316 1.14474 
0.0933 2.3026 
0.4277 1.58568 
0.4845 1.43323 
0.5239 1.32565 
0.5618 1.24403 
0.5834 1.17716 
0.6047 1.12335 
0.6175 1.08602 
0.6355 1.05133 
0.6431 1.02391 
0.6513 1.00099 
0.6623 0.973512 
0.6664 0.962948 
0.6757 0.934077 
0.6758 0.928563 
0.6862 0.906992 
0.6878 0.901447 
0.6938 0.882586 
0.6949 0.879737 
0.7019 0.863934 
0.7039 0.857904 
0.7072 0.848871 
0.7099 0.842572 
0.7123 0.83628 
0.7163 0.828449 
0.7166 0.826496 
0.7202 0.818 
0.7209 0.817389 
0.7233 0.809622 
0.7252 0.81025 
0.7266 0.802922 
0.7273 0.803757 
0.7296 0.797968 
0.7302 0.798018 
0.7315 0.792545 
0.7322 0.792624 
0.7339 0.788344 
0.7332 0.788936 
0.7361 0.784703 
0.7339 0.785414 
0.7369 0.781762 
0.7342 0.781672 
0.7389 0.77812 
0.7352 0.778483 
0.7414 0.774735 
0.7372 0.775819 
0.7426 0.772478 
0.7384 0.774304 
0.745 0.771016 
0.7412 0.772683 
0.7454 0.76887 
0.7414 0.771583 
0.7482 0.766713 
0.7428 0.77068 
0.7491 0.765076 
0.7427 0.771588 
0.7493 0.765147 
0.7448 0.771627 
0.7488 0.766677 
0.7457 0.773295 
0.7487 0.767598 
0.744 0.775081 
0.7501 0.768624 
0.7461 0.777708 
0.7527 0.767562 
0.7451 0.778311 
0.7533 0.768814 
0.7453 0.78188 
0.7544 0.769524 
0.7455 0.784261 
0.7542 0.770559 
0.7471 0.785611 
0.7534 0.772811 
0.7486 0.788648 
0.7539 0.7742 
0.7474 0.792841 
0.7563 0.776709 
0.7481 0.796532 
0.7558 0.780365 
0.747 0.799702 
0.7558 0.783653 
0.747 0.802477 
0.7553 0.787101 
0.7472 0.806381 
0.755 0.791935 
0.7472 0.810667 
0.7553 0.796087 
0.7472 0.81512 
0.7542 0.801953 
0.7486 0.820092 
0.7537 0.808756 
0.7473 0.826358 
0.753 0.816053 
0.7481 0.83173 
0.7523 0.822115 
0.7479 0.83672 
0.7527 0.825989 
0.7471 0.842722 
0.7536 0.832957 
0.7464 0.847574 
0.7523 0.840354 
0.7466 0.853705 
0.7523 0.848084 
0.7465 0.859991 
0.7528 0.854298 
0.7472 0.867222 
0.752 0.861991 
0.7482 0.873083 
0.7514 0.869977 
0.748 0.883582 
0.7513 0.875829 
0.7485 0.889806 
0.7499 0.885532 
0.7478 0.899806 
0.7487 0.895774 
0.7462 0.910124 
0.7498 0.902272 
0.7452 0.919331 
0.7489 0.911973 
0.7446 0.927999 
0.7486 0.920843 
0.7428 0.942847 
0.7483 0.928955 
0.7431 0.953452 
0.7492 0.935875 
0.743 0.963633 
0.7488 0.944723 
0.7411 0.975075 
0.748 0.956376 
0.7401 0.986952 
0.7479 0.966155 
0.7416 0.993535 
0.7476 0.97442 
0.7402 1.0025 
0.7475 0.983953 
0.7395 1.01872 
0.7481 0.994031 
0.7392 1.03148 
0.7476 1.00177 
0.7387 1.0424 
0.7497 1.01189 
0.1 2.30272 
0.3708 1.71242 
0.1 2.31141 
0.1316 2.25605 
0.1868 2.16662 
0.376 1.72221 
0.2487 2.08761 
0.3627 1.78488 
0.3993 1.70338 
0.431 1.57147 
0.4526 1.5256 
0.4405 1.5367 
0.0908 2.30245 
0.2235 2.1424 
0.3375 1.77319 
0.3805 1.68567 
0.4157 1.60697 
0.4025 1.64342 
0.431 1.5702 
0.4198 1.60422 
0.445 1.53554 
0.4168 1.62619 
0.4455 1.52937 
0.4483 1.52024 
0.4664 1.4909 
0.2385 2.08918 
0.3324 1.87003 
0.1877 2.18845 
0.404 1.67453 
0.425 1.58383 
0.4489 1.53959 
0.4598 1.49052 
0.4741 1.48315 
0.4571 1.49196 
0.4855 1.44346 
0.4931 1.42141 
0.4844 1.45314 
0.4919 1.42339 
0.5006 1.41912 
0.5042 1.39186 
0.5015 1.42039 
0.505 1.37839 
0.498 1.42087 
0.5075 1.374 
0.5016 1.39995 
0.5097 1.35879 
0.3337 1.8284 
0.35 1.77393 
0.3841 1.70175 
0.4552 1.50703 
0.3662 1.74683 
0.4521 1.49488 
0.4839 1.42887 
0.4999 1.37614 
0.4901 1.4223 
0.5141 1.34405 
0.4994 1.39742 
0.5221 1.3334 
0.5136 1.36498 
0.5235 1.3302 
0.5248 1.33456 
0.5288 1.31841 
0.5254 1.32719 
0.5258 1.32225 
0.527 1.32557 
0.5284 1.31471 
0.5292 1.32115 
0.5298 1.31421 
0.5317 1.31491 
0.5265 1.3234 
0.1023 2.2985 
0.5239 1.33143 
0.527 1.32853 
0.5279 1.32924 
0.5341 1.31093 
0.529 1.32282 
0.531 1.31525 
0.5301 1.32509 
0.5351 1.30277 
0.5319 1.32449 
0.5315 1.31236 
0.5321 1.3205 
0.5361 1.30914 
0.5319 1.32052 
0.5353 1.31301 
0.5275 1.32596 
0.5359 1.30576 
0.5281 1.33686 
0.5348 1.31348 
0.5329 1.31973 
0.5322 1.31703 
0.5322 1.32532 
0.534 1.3091 
0.5339 1.32225 
0.5368 1.29933 
0.5372 1.31164 
0.5291 1.3142 
0.5376 1.31422 
0.5328 1.30588 
0.5443 1.30545 
0.5332 1.30958 
0.5436 1.30612 
0.5332 1.30399 
0.5418 1.30926 
0.5387 1.29292 
0.5452 1.30113 
0.5409 1.27906 
0.5472 1.29876 
0.5436 1.28437 
0.5483 1.29266 
0.5436 1.27922 
0.5478 1.28977 
0.5434 1.28569 
0.5529 1.28083 
0.5481 1.27233 
0.5482 1.2919 
0.5418 1.27969 
0.5471 1.28996 
0.5474 1.2702 
0.5491 1.28014 
0.5489 1.26929 
0.5515 1.28103 
0.5487 1.26587 
0.5504 1.28549 
0.5515 1.26232 
0.5512 1.27488 
0.5551 1.25827 
0.5542 1.27248 
0.5561 1.25908 
0.5525 1.27946 
0.5541 1.26737 
0.5511 1.28274 
0.5535 1.26702 
0.5496 1.28308 
0.5512 1.26775 
0.5559 1.26778 
0.5536 1.26924 
0.5538 1.27211 
0.5562 1.26467 
0.5541 1.27697 
0.5522 1.27062 
0.5574 1.27 
0.5529 1.26893 
0.5553 1.27299 
0.5538 1.27499 
0.5564 1.26911 
0.551 1.27387 
0.5549 1.2742 
0.553 1.27196 
0.5546 1.27687 
0.5554 1.26312 
0.5594 1.26685 
0.5543 1.269 
0.0949 2.30274 
0.405 1.63887 
0.4738 1.45801 
0.5055 1.38256 
0.557 1.26019 
0.5571 1.24875 
0.5997 1.14733 
0.5918 1.15486 
0.6241 1.07771 
0.6193 1.0863 
0.6427 1.03462 
0.6392 1.04047 
0.6508 1.007 
0.6539 1.01003 
0.6609 0.984604 
0.6619 0.98585 
0.6696 0.965698 
0.6716 0.966901 
0.6755 0.949623 
0.6763 0.950696 
0.6782 0.936203 
0.6826 0.935931 
0.6836 0.924464 
0.6874 0.924236 
0.6899 0.913516 
0.6902 0.91346 
0.6938 0.90411 
0.6917 0.905279 
0.6966 0.89564 
0.6929 0.898527 
0.6982 0.88769 
0.6956 0.891033 
0.7005 0.881489 
0.6969 0.884236 
0.7031 0.87542 
0.6986 0.879382 
0.7042 0.869496 
0.7023 0.872578 
0.7052 0.865115 
0.7056 0.867111 
0.7069 0.860383 
0.7061 0.862174 
0.7069 0.856575 
0.7077 0.858122 
0.7083 0.852779 
0.7096 0.854859 
0.7095 0.84883 
0.7107 0.850916 
0.7103 0.845553 
0.7112 0.84776 
0.7111 0.841978 
0.7119 0.844362 
0.7122 0.838342 
0.7128 0.841684 
0.7145 0.835969 
0.714 0.839043 
0.7154 0.833541 
0.7153 0.836717 
0.7166 0.830877 
0.7158 0.834254 
0.7175 0.82884 
0.7173 0.832468 
0.7179 0.826223 
0.7182 0.830542 
0.7177 0.824682 
0.7181 0.828429 
0.719 0.822332 
0.7192 0.826933 
0.721 0.820563 
0.7194 0.825647 
0.7219 0.819343 
0.7205 0.824638 
0.723 0.818605 
0.7206 0.823149 
0.7231 0.816964 
0.7211 0.821958 
0.7233 0.815225 
0.7211 0.821118 
0.7237 0.814464 
0.7215 0.820375 
0.7253 0.81318 
0.7215 0.819826 
0.725 0.812081 
0.7229 0.818384 
0.7264 0.810935 
0.7238 0.817612 
0.7275 0.809403 
0.7242 0.817477 
0.7278 0.808515 
0.7242 0.816643 
0.7294 0.808203 
0.7251 0.815709 
0.7292 0.806696 
0.7248 0.815095 
0.73 0.80613 
0.7255 0.814016 
0.7296 0.805255 
0.7255 0.813123 
0.7309 0.804634 
0.7266 0.812615 
0.7306 0.803646 
0.727 0.812352 
0.7305 0.803264 
0.7268 0.811478 
0.7306 0.80267 
0.7282 0.810823 
0.7301 0.802413 
0.7283 0.810272 
0.7295 0.801484 
0.7286 0.809676 
0.7305 0.800553 
0.7292 0.808876 
0.7308 0.799967 
0.7298 0.808234 
0.7311 0.799309 
0.7294 0.807773 
0.731 0.798932 
0.7297 0.807053 
0.7313 0.798437 
0.7294 0.806351 
0.7317 0.798126 
0.7301 0.806228 
0.7314 0.797891 
0.7305 0.80584 
0.7324 0.796677 
0.7315 0.805297 
0.7321 0.796669 
0.7315 0.804705 
0.732 0.79645 
0.7316 0.804545 
0.7325 0.796075 
0.732 0.804011 
0.7334 0.795888 
0.732 0.803616 
0.7343 0.794854 
0.732 0.803203 
0.735 0.795026 
0.7319 0.802607 
0.7354 0.7948 
0.7323 0.802063 
0.7354 0.794595 
0.0983 2.30278 
0.4171 1.60422 
0.4738 1.46274 
0.5173 1.34907 
0.556 1.25875 
0.5634 1.21751 
0.6041 1.14186 
0.5998 1.13049 
0.6325 1.06983 
0.6232 1.0695 
0.6486 1.01999 
0.6384 1.02991 
0.6587 0.989418 
0.6533 0.999601 
0.6663 0.96612 
0.662 0.97701 
0.6756 0.948317 
0.6682 0.959398 
0.6791 0.934783 
0.6762 0.944666 
0.6835 0.921903 
0.6816 0.93373 
0.6878 0.910645 
0.6859 0.923667 
0.6914 0.90106 
0.6874 0.915538 
0.6951 0.892085 
0.6903 0.907246 
0.6968 0.885493 
0.694 0.899998 
0.7011 0.878215 
0.6967 0.893973 
0.7025 0.871761 
0.6987 0.887731 
0.704 0.86613 
0.7015 0.881813 
0.707 0.861113 
0.7029 0.876537 
0.7079 0.856044 
0.7048 0.872312 
0.7086 0.852302 
0.706 0.867026 
0.7104 0.848161 
0.7082 0.863656 
0.7115 0.844049 
0.7084 0.860135 
0.7114 0.840126 
0.7094 0.857032 
0.7135 0.836497 
0.7102 0.853703 
0.7141 0.832488 
0.7122 0.85078 
0.716 0.829155 
0.7129 0.847467 
0.7173 0.826123 
0.7137 0.844823 
0.7187 0.823681 
0.7163 0.84251 
0.7198 0.820994 
0.7175 0.840641 
0.721 0.818452 
0.7189 0.837799 
0.7217 0.816094 
0.7193 0.836283 
0.7227 0.814275 
0.7192 0.833892 
0.7238 0.81253 
0.7199 0.832066 
0.7243 0.810631 
0.7212 0.828865 
0.7248 0.809041 
0.7215 0.826898 
0.7251 0.807659 
0.7225 0.825415 
0.7255 0.805919 
0.7231 0.823554 
0.7259 0.80409 
0.723 0.821133 
0.727 0.802634 
0.7226 0.820108 
0.7285 0.801501 
0.7229 0.818434 
0.7282 0.800374 
0.7238 0.816385 
0.7281 0.799281 
0.7238 0.815891 
0.7289 0.798082 
0.7246 0.81379 
0.7297 0.797163 
0.7246 0.812979 
0.73 0.796135 
0.7243 0.812122 
0.7314 0.795008 
0.7264 0.810507 
0.7314 0.793921 
0.7265 0.80955 
0.7319 0.793239 
0.7279 0.808542 
0.7325 0.792304 
0.7288 0.807576 
0.7321 0.791873 
0.7285 0.80651 
0.7327 0.790997 
0.7295 0.805849 
0.7336 0.79034 
0.7304 0.804929 
0.7335 0.789812 
0.731 0.803888 
0.7338 0.789465 
0.7311 0.802996 
0.7344 0.788776 
0.7312 0.802424 
0.7345 0.788427 
0.7314 0.801351 
0.7346 0.788056 
0.7323 0.800942 
0.7342 0.787789 
0.7323 0.800549 
0.7341 0.787408 
0.7321 0.800103 
0.7349 0.787376 
0.7327 0.799427 
0.735 0.786794 
0.7335 0.798985 
0.7361 0.786453 
0.7338 0.798079 
0.7364 0.786238 
0.7344 0.798004 
0.7367 0.785688 
0.7351 0.797457 
0.7369 0.78513 
0.7351 0.796898 
0.7374 0.784794 
0.7354 0.79618 
0.737 0.784338 
0.7353 0.795852 
0.7375 0.78412 
0.7355 0.795568 
0.7371 0.784082 
0.7356 0.79518 
0.7372 0.783916 
0.1037 2.30244 
0.4188 1.61761 
0.4759 1.45621 
0.5205 1.33828 
0.5393 1.29345 
0.5763 1.20417 
0.5885 1.17387 
0.6148 1.10326 
0.6264 1.07293 
0.6394 1.0323 
0.649 1.01731 
0.6593 0.982879 
0.6655 0.968605 
0.6754 0.940326 
0.6808 0.931177 
0.6834 0.913682 
0.6922 0.900079 
0.6935 0.889545 
0.7001 0.877356 
0.703 0.868506 
0.7076 0.859349 
0.7097 0.853042 
0.7151 0.841142 
0.7143 0.838782 
0.7188 0.829582 
0.7178 0.828091 
0.7236 0.821098 
0.7228 0.818623 
0.7255 0.813653 
0.7254 0.812198 
0.7273 0.807842 
0.7276 0.805774 
0.7293 0.803416 
0.7267 0.802174 
0.7287 0.79939 
0.7296 0.798913 
0.7311 0.794793 
0.7303 0.798438 
0.7326 0.790052 
0.7316 0.796304 
0.7361 0.787171 
0.7327 0.793936 
0.7359 0.78826 
0.7334 0.794869 
0.7357 0.787461 
0.7344 0.794561 
0.7385 0.786852 
0.7354 0.79515 
0.7389 0.787142 
0.7355 0.794508 
0.741 0.785297 
0.7366 0.795701 
0.7411 0.787164 
0.7376 0.797464 
0.7415 0.785774 
0.7377 0.797515 
0.7433 0.786162 
0.7385 0.797049 
0.7443 0.787321 
0.7395 0.795021 
0.7452 0.787654 
0.7396 0.796677 
0.7465 0.79115 
0.7413 0.796079 
0.7473 0.792123 
0.7434 0.799262 
0.7458 0.798916 
0.7436 0.801459 
0.7453 0.802991 
0.7436 0.80357 
0.745 0.806897 
0.745 0.80552 
0.7458 0.810144 
0.745 0.80538 
0.7463 0.81174 
0.7447 0.808042 
0.7472 0.815378 
0.7457 0.811 
0.7491 0.820984 
0.7451 0.813638 
0.7494 0.825078 
0.7466 0.818375 
0.7499 0.830024 
0.7465 0.821083 
0.7506 0.833577 
0.7455 0.82644 
0.7493 0.838991 
0.7446 0.831218 
0.7485 0.843922 
0.7435 0.837029 
0.7497 0.851028 
0.7436 0.841249 
0.7494 0.855872 
0.7432 0.847617 
0.7496 0.862477 
0.7436 0.852557 
0.7489 0.871259 
0.742 0.859148 
0.7478 0.875885 
0.743 0.864024 
0.748 0.882555 
0.743 0.872051 
0.749 0.889341 
0.743 0.87857 
0.7491 0.895993 
0.7421 0.885915 
0.7497 0.90306 
0.7418 0.890944 
0.749 0.911887 
0.7427 0.895331 
0.7492 0.918814 
0.7435 0.90074 
0.7484 0.927994 
0.7431 0.907918 
0.7484 0.933885 
0.7424 0.914451 
0.748 0.94191 
0.7437 0.923865 
0.7475 0.949568 
0.7434 0.931827 
0.7488 0.960444 
0.7421 0.941727 
0.7482 0.970933 
0.7412 0.951611 
0.7485 0.982047 
0.7412 0.960926 
0.7475 0.993102 
0.7412 0.969907 
0.7486 1.00098 
0.7395 0.981672 
0.7475 1.01478 
0.7398 0.990802 
0.7474 1.02575 
0.7406 1.00297 
0.7466 1.03841 
0.7406 1.01514 
0.7464 1.05043 
0.7402 1.0261 
0.7453 1.06444 
0.7391 1.04197 
0.7455 1.07723 
0.1 2.30268 
0.4084 1.63056 
0.4712 1.47299 
0.5019 1.38334 
0.5435 1.28951 
0.5548 1.25101 
0.5894 1.17306 
0.6031 1.12631 
0.6258 1.08215 
0.6357 1.04693 
0.6511 1.02383 
0.6615 0.991339 
0.6687 0.975374 
0.6783 0.946806 
0.6827 0.938817 
0.6881 0.917571 
0.6906 0.911057 
0.6992 0.892636 
0.7026 0.885166 
0.7044 0.877833 
0.7082 0.866558 
0.7088 0.864241 
0.7141 0.849638 
0.7128 0.850439 
0.7187 0.83397 
0.7175 0.837651 
0.7243 0.82184 
0.7224 0.828866 
0.7277 0.81125 
0.7257 0.823274 
0.7295 0.802648 
0.7278 0.817515 
0.7324 0.794737 
0.7302 0.816338 
0.7361 0.787885 
0.7333 0.811571 
0.7403 0.780453 
0.7343 0.808338 
0.7421 0.77311 
0.7332 0.809289 
0.7446 0.77045 
0.7355 0.807547 
0.7477 0.766455 
0.7353 0.806746 
0.7495 0.764664 
0.7365 0.808711 
0.7499 0.762018 
0.7375 0.80772 
0.7512 0.761025 
0.7356 0.812197 
0.7496 0.760672 
0.7377 0.81451 
0.7517 0.759788 
0.7374 0.814685 
0.7526 0.759856 
0.7374 0.810822 
0.7533 0.760143 
0.738 0.81172 
0.7523 0.762563 
0.7383 0.812797 
0.7524 0.765696 
0.7369 0.818486 
0.7533 0.76794 
0.7366 0.818526 
0.7541 0.769805 
0.7358 0.819539 
0.7543 0.770869 
0.7355 0.822971 
0.7551 0.773396 
0.7362 0.82409 
0.7545 0.775388 
0.7368 0.825925 
0.7566 0.777426 
0.7368 0.82788 
0.7563 0.781038 
0.7398 0.828014 
0.7546 0.786191 
0.7397 0.831922 
0.7553 0.788113 
0.7397 0.835083 
0.756 0.791325 
0.7405 0.838842 
0.7562 0.7942 
0.7417 0.841162 
0.7543 0.799632 
0.7427 0.841859 
0.7552 0.80593 
0.7434 0.8448 
0.7574 0.812944 
0.7453 0.846583 
0.7577 0.816623 
0.7441 0.852775 
0.7575 0.821554 
0.7447 0.857856 
0.7558 0.827194 
0.747 0.860616 
0.7559 0.83393 
0.7472 0.865081 
0.7561 0.839821 
0.7473 0.872154 
0.7574 0.845341 
0.747 0.876308 
0.7573 0.853857 
0.7474 0.883879 
0.7573 0.862578 
0.7466 0.891982 
0.7563 0.869382 
0.7473 0.896628 
0.757 0.874399 
0.7469 0.902581 
0.7559 0.886601 
0.7461 0.908112 
0.7545 0.894593 
0.7459 0.91405 
0.7547 0.904031 
0.7461 0.91944 
0.7533 0.913679 
0.7466 0.925497 
0.7526 0.923506 
0.7465 0.930445 
0.7512 0.932008 
0.7471 0.936915 
0.7508 0.943635 
0.7468 0.943905 
0.7496 0.951566 
0.7467 0.953028 
0.7502 0.961033 
0.7462 0.96386 
0.7502 0.972412 
0.7458 0.972868 
0.7489 0.981063 
0.7446 0.982449 
0.7478 0.993563 
0.7457 0.988871 
0.7478 1.00502 
0.7451 1.00233 
0.7465 1.01532 
0.7438 1.01092 
0.7475 1.03019 
0.7445 1.02223 
0.7478 1.03958 
0.0918 2.3029 
0.4099 1.61555 
0.4627 1.47479 
0.5017 1.38156 
0.536 1.30059 
0.5528 1.25415 
0.5841 1.17845 
0.594 1.15203 
0.6152 1.10201 
0.6229 1.08637 
0.6352 1.04879 
0.638 1.04472 
0.652 1.0124 
0.6495 1.01564 
0.6593 0.985533 
0.6576 0.994706 
0.6654 0.96487 
0.6616 0.979179 
0.6753 0.948561 
0.666 0.965645 
0.6808 0.934376 
0.6714 0.954159 
0.6842 0.922061 
0.6743 0.944416 
0.6897 0.91027 
0.678 0.93618 
0.6927 0.899276 
0.6809 0.928628 
0.696 0.890058 
0.6847 0.921755 
0.6981 0.882771 
0.6873 0.916448 
0.7025 0.875499 
0.6906 0.910416 
0.704 0.869516 
0.6919 0.906291 
0.7051 0.863488 
0.6936 0.902146 
0.7071 0.857631 
0.6958 0.897569 
0.7099 0.853043 
0.6968 0.892902 
0.712 0.848485 
0.698 0.889206 
0.712 0.844165 
0.7004 0.887077 
0.714 0.840516 
0.7014 0.883804 
0.7152 0.837007 
0.7037 0.880575 
0.7164 0.833265 
0.7043 0.87942 
0.717 0.830005 
0.7044 0.876809 
0.7191 0.827031 
0.7057 0.872608 
0.7199 0.824223 
0.7065 0.86997 
0.7209 0.821784 
0.7075 0.867344 
0.7222 0.819218 
0.7078 0.865533 
0.7226 0.817238 
0.7085 0.863745 
0.7237 0.815305 
0.7108 0.861216 
0.7249 0.813096 
0.7115 0.858477 
0.7258 0.811565 
0.7127 0.855824 
0.7277 0.809563 
0.7127 0.853837 
0.7288 0.808103 
0.7136 0.851474 
0.7294 0.806529 
0.7145 0.849376 
0.7298 0.804579 
0.7156 0.847133 
0.7303 0.802665 
0.717 0.84571 
0.7311 0.8015 
0.7178 0.843955 
0.7319 0.799954 
0.7185 0.842756 
0.7321 0.798855 
0.7192 0.841615 
0.7319 0.797753 
0.7203 0.840076 
0.7327 0.796343 
0.7209 0.838185 
0.733 0.795434 
0.7215 0.837567 
0.7331 0.793909 
0.7227 0.836697 
0.7344 0.792607 
0.7234 0.834739 
0.7341 0.791574 
0.7236 0.834032 
0.7346 0.790536 
0.7241 0.83271 
0.7357 0.789479 
0.7244 0.831053 
0.7367 0.788519 
0.7254 0.82964 
0.7371 0.78769 
0.7267 0.828588 
0.7374 0.786577 
0.7272 0.827731 
0.7375 0.785764 
0.7279 0.826871 
0.7381 0.784854 
0.7284 0.825849 
0.7382 0.784224 
0.7295 0.824523 
0.7387 0.783339 
0.7301 0.823638 
0.7386 0.782582 
0.7303 0.822805 
0.739 0.781725 
0.7303 0.821812 
0.7393 0.780775 
0.7309 0.820377 
0.7402 0.780154 
0.7314 0.819644 
0.7407 0.779729 
0.7317 0.818599 
0.7409 0.77916 
0.7324 0.817876 
0.7417 0.778593 
0.733 0.817601 
0.7412 0.778138 
0.7333 0.816602 
0.7421 0.777797 
0.7342 0.815223 
0.7424 0.777468 
0.7343 0.814406 
0.7427 0.777216 
0.7356 0.813663 
0.7428 0.776279 
0.7359 0.813103 
0.7431 0.776151 
0.06 2.30288 
0.4128 1.625 
0.463 1.47539 
0.5044 1.38463 
0.5285 1.32223 
0.5538 1.25651 
0.5671 1.21622 
0.5956 1.15148 
0.6137 1.10861 
0.6236 1.07567 
0.6332 1.04024 
0.6401 1.02933 
0.6483 1.00318 
0.6502 0.997272 
0.6603 0.975657 
0.6595 0.975678 
0.6685 0.953865 
0.6657 0.956708 
0.676 0.935412 
0.6717 0.940606 
0.6815 0.920744 
0.6782 0.92691 
0.6874 0.907876 
0.6844 0.913627 
0.6915 0.896333 
0.6875 0.903638 
0.6929 0.886211 
0.6911 0.894358 
0.6953 0.877499 
0.6931 0.88685 
0.6977 0.869667 
0.6958 0.879371 
0.7008 0.862318 
0.6991 0.873299 
0.7033 0.855878 
0.7027 0.867137 
0.7065 0.849531 
0.7046 0.861169 
0.7094 0.844065 
0.7079 0.855824 
0.7111 0.838951 
0.7098 0.851376 
0.7119 0.834381 
0.7113 0.84751 
0.7143 0.830141 
0.7132 0.843651 
0.7156 0.825202 
0.7147 0.840191 
0.718 0.821474 
0.7158 0.836441 
0.7194 0.81773 
0.7164 0.833437 
0.7209 0.813977 
0.7167 0.830467 
0.7229 0.810489 
0.7172 0.827001 
0.7241 0.807948 
0.7178 0.824538 
0.7249 0.805384 
0.7194 0.821255 
0.7263 0.803008 
0.7197 0.818401 
0.7273 0.800482 
0.7205 0.815939 
0.7289 0.798034 
0.7211 0.813617 
0.7292 0.795589 
0.7232 0.81072 
0.7299 0.793828 
0.7239 0.808256 
0.7307 0.791552 
0.7242 0.806294 
0.7316 0.789466 
0.7249 0.804212 
0.7327 0.787416 
0.7252 0.801704 
0.7333 0.785878 
0.7261 0.799015 
0.7341 0.783995 
0.7266 0.796995 
0.7345 0.782815 
0.7268 0.79481 
0.7352 0.781154 
0.7268 0.793113 
0.7365 0.779699 
0.7279 0.791551 
0.7365 0.778327 
0.7279 0.789917 
0.7368 0.776937 
0.7283 0.788231 
0.7362 0.775599 
0.7286 0.787195 
0.7374 0.774526 
0.7303 0.785468 
0.7375 0.773495 
0.731 0.784117 
0.7381 0.772318 
0.7322 0.782703 
0.7388 0.7711 
0.7329 0.781433 
0.7389 0.769921 
0.7333 0.780106 
0.7402 0.768918 
0.734 0.77886 
0.7407 0.76817 
0.7349 0.777522 
0.7408 0.767405 
0.7359 0.776064 
0.7408 0.766761 
0.7364 0.775264 
0.7415 0.765894 
0.7368 0.774543 
0.742 0.764989 
0.7374 0.773365 
0.7423 0.764298 
0.7383 0.772721 
0.7421 0.763656 
0.7395 0.771546 
0.7414 0.762973 
0.7396 0.770621 
0.7418 0.762315 
0.7395 0.769535 
0.7421 0.761959 
0.74 0.768681 
0.7413 0.761503 
0.7402 0.767891 
0.7414 0.76122 
0.7412 0.767237 
0.7422 0.760413 
0.741 0.766097 
0.7428 0.759895 
0.7421 0.765276 
0.7437 0.759333 
0.7427 0.764705 
0.7427 0.758842 
0.7422 0.764195 
0.7431 0.758671 
0.7424 0.763714 
0.743 0.75802 
0.7437 0.762977 
0.7436 0.757548 
0.1004 2.30271 
0.4194 1.61823 
0.4758 1.45675 
0.518 1.34879 
0.549 1.27665 
0.5656 1.2274 
0.5992 1.14758 
0.6066 1.1249 
0.637 1.05575 
0.6347 1.0488 
0.6557 0.999384 
0.6538 1.00232 
0.6681 0.958465 
0.6701 0.962621 
0.6825 0.923756 
0.6802 0.933556 
0.6888 0.896824 
0.6899 0.908539 
0.6989 0.872387 
0.6953 0.88969 
0.7093 0.853487 
0.7033 0.870307 
0.7143 0.839034 
0.7087 0.855637 
0.7176 0.825268 
0.7123 0.842915 
0.7216 0.814971 
0.7175 0.834216 
0.7232 0.80351 
0.7196 0.826751 
0.7247 0.796069 
0.7226 0.821026 
0.7309 0.789016 
0.7242 0.817691 
0.7324 0.782706 
0.7248 0.811657 
0.7364 0.777118 
0.7259 0.808445 
0.7361 0.774489 
0.7307 0.804202 
0.7378 0.772084 
0.735 0.798115 
0.7394 0.769802 
0.734 0.797587 
0.7426 0.768726 
0.7368 0.793982 
0.7432 0.768138 
0.7379 0.790299 
0.7433 0.766829 
0.739 0.789127 
0.7431 0.766124 
0.7416 0.786948 
0.743 0.766665 
0.7432 0.786567 
0.7453 0.767731 
0.7441 0.784889 
0.7465 0.768657 
0.744 0.785586 
0.747 0.769293 
0.745 0.783355 
0.7484 0.770442 
0.7479 0.7835 
0.749 0.770952 
0.7486 0.783932 
0.7485 0.772632 
0.7486 0.786058 
0.749 0.775021 
0.7509 0.786718 
0.7492 0.778115 
0.7522 0.787178 
0.7478 0.7797 
0.7515 0.789444 
0.7485 0.784504 
0.7525 0.792443 
0.7485 0.788207 
0.7527 0.796841 
0.7474 0.791284 
0.7531 0.798274 
0.7468 0.79578 
0.7538 0.801153 
0.7474 0.800279 
0.7543 0.805927 
0.7479 0.804086 
0.7527 0.809745 
0.7478 0.807428 
0.7529 0.813661 
0.7473 0.812588 
0.7526 0.816996 
0.7468 0.817666 
0.7519 0.821175 
0.7464 0.82281 
0.7507 0.825853 
0.7475 0.827496 
0.7502 0.829275 
0.747 0.832333 
0.7505 0.837375 
0.7484 0.835751 
0.7514 0.840513 
0.7475 0.8426 
0.7509 0.845561 
0.7482 0.848037 
0.7508 0.851268 
0.7489 0.853387 
0.7512 0.855969 
0.7495 0.857791 
0.749 0.86231 
0.7492 0.865565 
0.7482 0.86931 
0.7485 0.871791 
0.7478 0.875998 
0.7495 0.878626 
0.7487 0.880577 
0.7476 0.887373 
0.7488 0.887804 
0.7483 0.895707 
0.7494 0.896933 
0.7478 0.904701 
0.7478 0.903787 
0.7472 0.913041 
0.7477 0.909846 
0.7478 0.92135 
0.7475 0.919406 
0.7475 0.930407 
0.747 0.928036 
0.7475 0.939669 
0.7463 0.936378 
0.7459 0.951768 
0.7458 0.944895 
0.7465 0.958388 
0.7465 0.951186 
0.7457 0.970153 
0.7455 0.961292 
0.7456 0.979763 
0.7456 0.968329 
0.7453 0.991868 
0.746 0.976304 
0.7451 1.00293 
0.7467 0.982583 
0.7447 1.01303 
0.7476 0.992391 
0.7442 1.02464 
0.0922 2.30252 
0.1002 2.30261 
0.4277 1.59665 
0.477 1.45056 
0.5126 1.37266 
0.5523 1.27329 
0.5662 1.2175 
0.6 1.13774 
0.6136 1.10265 
0.6341 1.04885 
0.6397 1.03067 
0.6587 0.989505 
0.655 0.98874 
0.6722 0.951253 
0.6678 0.957943 
0.6802 0.924202 
0.6819 0.929554 
0.6929 0.895894 
0.6916 0.904667 
0.7043 0.874612 
0.6986 0.884797 
0.7108 0.854213 
0.7024 0.87018 
0.7157 0.839421 
0.7072 0.858047 
0.7191 0.828584 
0.711 0.846384 
0.7209 0.817842 
0.7164 0.835015 
0.724 0.812267 
0.7209 0.825228 
0.7274 0.803587 
0.7243 0.814778 
0.7314 0.794094 
0.7278 0.808869 
0.7333 0.789437 
0.7294 0.803773 
0.735 0.785066 
0.7315 0.801399 
0.7375 0.778868 
0.7338 0.798165 
0.738 0.77686 
0.7345 0.796143 
0.7377 0.775679 
0.7362 0.793179 
0.7414 0.769945 
0.7373 0.788025 
0.7411 0.767671 
0.7395 0.78701 
0.7423 0.76577 
0.7408 0.785298 
0.7445 0.765048 
0.7425 0.78163 
0.7448 0.764399 
0.7438 0.779716 
0.7457 0.763835 
0.7467 0.778372 
0.7439 0.766575 
0.7484 0.777653 
0.7442 0.768065 
0.7486 0.777178 
0.7422 0.770941 
0.7484 0.779976 
0.7432 0.771248 
0.7492 0.778803 
0.7456 0.772488 
0.75 0.781134 
0.7455 0.774685 
0.7508 0.783782 
0.7445 0.779633 
0.7513 0.785419 
0.7456 0.779773 
0.7524 0.788366 
0.7457 0.785198 
0.7519 0.791886 
0.7465 0.787122 
0.7537 0.794316 
0.7465 0.789997 
0.7542 0.798643 
0.7473 0.796038 
0.7523 0.800468 
0.7477 0.79898 
0.7518 0.802953 
0.7496 0.802206 
0.7529 0.805605 
0.0918 2.3026 
0.4745 1.46845 
0.549 1.26594 
0.5994 1.13596 
0.6329 1.04832 
0.6549 0.991243 
0.6704 0.947114 
0.683 0.915991 
0.6924 0.889288 
0.7015 0.870699 
0.7054 0.856299 
0.7116 0.8447 
0.714 0.836796 
0.7148 0.82759 
0.7175 0.824081 
0.7189 0.821723 
0.7204 0.818666 
0.7237 0.814461 
0.7259 0.811993 
0.7279 0.808885 
0.7303 0.802726 
0.7327 0.799228 
0.7346 0.797943 
0.7348 0.797899 
0.7376 0.79329 
0.7401 0.792759 
0.7424 0.793975 
0.7432 0.793699 
0.7456 0.793275 
0.7469 0.794106 
0.7475 0.795191 
0.7471 0.795788 
0.7497 0.791675 
0.7485 0.795408 
0.7491 0.796971 
0.7504 0.79759 
0.7517 0.795629 
0.7518 0.798907 
0.7528 0.798999 
0.7526 0.799308 
0.7518 0.80472 
0.7515 0.806701 
0.7516 0.807798 
0.752 0.809797 
0.751 0.812427 
0.751 0.815514 
0.7534 0.817527 
0.7527 0.823154 
0.7525 0.829664 
0.7524 0.836716 
0.7523 0.841172 
0.753 0.846313 
0.7537 0.853094 
0.753 0.859679 
0.7527 0.866927 
0.7536 0.871082 
0.7533 0.878458 
0.7527 0.883122 
0.7532 0.890224 
0.7505 0.901436 
0.7509 0.909865 
0.0925 2.30263 
0.4828 1.45317 
0.5593 1.25038 
0.6176 1.11106 
0.6502 1.02284 
0.6683 0.969702 
0.6803 0.934573 
0.6901 0.907163 
0.6963 0.883847 
0.7046 0.865018 
0.7102 0.848056 
0.7156 0.833422 
0.7213 0.820119 
0.7242 0.806991 
0.7278 0.798325 
0.7305 0.790869 
0.7317 0.783689 
0.7354 0.777036 
0.7382 0.771486 
0.7405 0.766152 
0.7427 0.761448 
0.7441 0.756478 
0.7435 0.753996 
0.7435 0.754371 
0.7452 0.752748 
0.746 0.751676 
0.7467 0.75325 
0.7481 0.755985 
0.748 0.756381 
0.7468 0.758141 
0.7471 0.761482 
0.7465 0.76571 
0.7473 0.767954 
0.7467 0.772446 
0.7468 0.77589 
0.7467 0.780788 
0.7464 0.788756 
0.7468 0.79369 
0.7484 0.799972 
0.749 0.80525 
0.75 0.809315 
0.7488 0.813648 
0.7487 0.816944 
0.7489 0.822008 
0.7496 0.827707 
0.7504 0.831381 
0.7506 0.836943 
0.7514 0.843035 
0.7511 0.851349 
0.7497 0.857527 
0.751 0.865227 
0.7501 0.874299 
0.7492 0.885467 
0.7487 0.894848 
0.7483 0.905383 
0.7471 0.915563 
0.746 0.926566 
0.7469 0.935608 
0.7453 0.945329 
0.7462 0.95382 
0.747 0.962295 
0.0915 2.30258 
0.3037 1.92535 
0.3892 1.64797 
0.4481 1.50192 
0.4806 1.4163 
0.5099 1.35041 
0.5296 1.29462 
0.5452 1.24877 
0.5615 1.20941 
0.5744 1.1761 
0.5885 1.14632 
0.6006 1.1192 
0.6112 1.09601 
0.6183 1.07551 
0.6259 1.05767 
0.6345 1.04136 
0.6391 1.0262 
0.6443 1.01161 
0.6494 0.996763 
0.6557 0.982223 
0.6608 0.96818 
0.6658 0.955089 
0.6688 0.942308 
0.6727 0.930801 
0.6771 0.919802 
0.6809 0.909999 
0.6848 0.900025 
0.6893 0.890799 
0.692 0.881759 
0.6942 0.873439 
0.6968 0.866062 
0.6992 0.858754 
0.6997 0.851717 
0.7036 0.84503 
0.7066 0.8389 
0.7093 0.832866 
0.7122 0.826817 
0.7145 0.821271 
0.7171 0.816214 
0.7178 0.811241 
0.7187 0.806826 
0.7202 0.802385 
0.7219 0.797898 
0.7236 0.793882 
0.7246 0.789811 
0.7262 0.786004 
0.7274 0.782551 
0.7279 0.778958 
0.7286 0.775507 
0.729 0.772234 
0.7301 0.769053 
0.7322 0.765724 
0.7335 0.762578 
0.735 0.759533 
0.7362 0.756532 
0.7379 0.753786 
0.7381 0.750925 
0.7395 0.748183 
0.7396 0.745559 
0.7415 0.74295 
0.7419 0.740452 
0.092 2.30257 
0.3114 1.89856 
0.3948 1.63156 
0.4548 1.49126 
0.4903 1.40623 
0.518 1.33746 
0.5389 1.28107 
0.5553 1.23654 
0.5672 1.1999 
0.5795 1.16856 
0.5878 1.14174 
0.5987 1.11785 
0.6065 1.09727 
0.6133 1.07897 
0.6201 1.06271 
0.626 1.04728 
0.632 1.033 
0.6397 1.01854 
0.6452 1.00459 
0.6489 0.990614 
0.6533 0.977279 
0.658 0.964592 
0.6629 0.952474 
0.669 0.94051 
0.6746 0.929226 
0.6779 0.917674 
0.6809 0.906892 
0.6843 0.89673 
0.686 0.887486 
0.6891 0.87885 
0.6932 0.870577 
0.6955 0.86227 
0.6979 0.855107 
0.7013 0.848101 
0.7038 0.8415 
0.7062 0.835356 
0.7082 0.829494 
0.7119 0.823918 
0.7135 0.818893 
0.7153 0.814382 
0.7164 0.809893 
0.7181 0.805272 
0.7198 0.801142 
0.7211 0.797345 
0.7229 0.793862 
0.7253 0.789757 
0.7262 0.786192 
0.7271 0.782873 
0.7282 0.77959 
0.7295 0.776175 
0.7305 0.772861 
0.731 0.76978 
0.732 0.766558 
0.7338 0.763729 
0.7347 0.760988 
0.7356 0.758621 
0.737 0.75601 
0.7375 0.753444 
0.7383 0.751011 
0.7389 0.74864 
0.7395 0.745994 
0.0953 2.3026 
0.5408 1.31739 
0.5997 1.13641 
0.6379 1.01813 
0.6591 0.962809 
0.6806 0.899987 
0.7029 0.846992 
0.714 0.815517 
0.726 0.789253 
0.7304 0.770439 
0.7383 0.753745 
0.7425 0.741334 
0.7466 0.729495 
0.7513 0.717686 
0.7547 0.707973 
0.7551 0.700866 
0.7593 0.692484 
0.7626 0.683969 
0.7631 0.678342 
0.7635 0.672463 
0.7654 0.668503 
0.7674 0.664291 
0.7696 0.661236 
0.7709 0.657769 
0.7707 0.656528 
0.7717 0.654274 
0.7716 0.652337 
0.7741 0.649282 
0.7731 0.646909 
0.7749 0.64413 
0.776 0.643371 
0.7763 0.642892 
0.777 0.642949 
0.7783 0.641733 
0.7783 0.640898 
0.7801 0.639398 
0.7803 0.638377 
0.7811 0.637525 
0.781 0.638988 
0.7826 0.637233 
0.7827 0.636376 
0.7827 0.634714 
0.7827 0.633179 
0.785 0.631748 
0.7863 0.630479 
0.7854 0.631279 
0.7878 0.629543 
0.7881 0.629592 
0.7885 0.628596 
0.7884 0.628645 
0.7882 0.627457 
0.7872 0.626378 
0.7879 0.625476 
0.7889 0.626379 
0.7894 0.624757 
0.7906 0.623857 
0.7908 0.624359 
0.7906 0.624034 
0.7903 0.622734 
0.7896 0.622724 
0.7895 0.621402 
0.1298 2.30258 
0.5009 1.37918 
0.6047 1.12163 
0.6526 0.986366 
0.6768 0.916488 
0.6967 0.859874 
0.7112 0.818142 
0.7215 0.788595 
0.7267 0.766635 
0.7324 0.752007 
0.7386 0.732631 
0.7443 0.719689 
0.7512 0.70517 
0.754 0.695922 
0.7599 0.685349 
0.7644 0.678283 
0.7666 0.672154 
0.7698 0.665617 
0.771 0.658031 
0.7737 0.652857 
0.7751 0.650405 
0.7764 0.646592 
0.7776 0.643315 
0.7791 0.640531 
0.7801 0.638103 
0.7808 0.635557 
0.7817 0.635872 
0.7813 0.635109 
0.7815 0.635821 
0.7832 0.634728 
0.7824 0.635448 
0.7818 0.635942 
0.7819 0.635315 
0.7816 0.636147 
0.7806 0.637698 
0.7834 0.636199 
0.7822 0.636932 
0.7821 0.638413 
0.7807 0.639566 
0.7808 0.638932 
0.7821 0.635549 
0.7833 0.63357 
0.7824 0.633326 
0.7835 0.628347 
0.7841 0.628269 
0.7845 0.62618 
0.7851 0.624784 
0.7868 0.621838 
0.7871 0.620933 
0.7866 0.62138 
0.7861 0.621707 
0.7867 0.619962 
0.7877 0.619412 
0.7872 0.619949 
0.7872 0.619472 
0.7888 0.617209 
0.7887 0.616363 
0.7889 0.616184 
0.7894 0.615356 
0.7892 0.613907 
0.7903 0.611738 
0.0956 2.30256 
0.5277 1.32249 
0.5924 1.14454 
0.6388 1.01826 
0.6627 0.949108 
0.6846 0.898498 
0.6985 0.862973 
0.7052 0.843774 
0.7122 0.833616 
0.7172 0.812449 
0.7194 0.8123 
0.7207 0.809783 
0.7219 0.802646 
0.7242 0.811864 
0.7265 0.807697 
0.7207 0.824023 
0.7269 0.798341 
0.7227 0.814769 
0.7241 0.808511 
0.7303 0.79322 
0.7209 0.819014 
0.7201 0.810464 
0.7139 0.834929 
0.7359 0.767224 
0.7203 0.815085 
0.7141 0.829176 
0.7325 0.777006 
0.7347 0.778101 
0.7302 0.78201 
0.7321 0.783136 
0.714 0.84405 
0.7217 0.819232 
0.7236 0.825938 
0.7158 0.839503 
0.7 0.912929 
0.6817 0.969717 
0.6993 0.889827 
0.6752 0.963143 
0.7057 0.879395 
0.7064 0.870162 
0.7125 0.86254 
0.7216 0.828391 
0.7221 0.821534 
0.7241 0.820238 
0.7373 0.781436 
0.7249 0.826637 
0.7056 0.8778 
0.7319 0.804188 
0.7178 0.849295 
0.7314 0.80536 
0.725 0.821666 
0.7077 0.858249 
0.7136 0.850869 
0.7165 0.848337 
0.7252 0.839046 
0.7082 0.867836 
0.7165 0.856482 
0.7269 0.831833 
0.7061 0.885063 
0.6987 0.91808 
0.726 0.845868 
0.1139 2.30259 
0.1018 2.30257 
0.5246 1.32259 
0.0804 2.30261 
0.5378 1.29538 
0.6057 1.10897 
0.6466 0.996362 
0.1013 2.30256 
0.0969 2.30257 
0.5147 1.34605 
0.1027 2.3026 
0.5298 1.32271 
0.6027 1.11608 
0.6362 1.02616 
0.6662 0.951404 
0.686 0.897364 
0.7036 0.855357 
0.7113 0.828362 
0.7182 0.805351 
0.7287 0.783481 
0.7342 0.764769 
0.7418 0.751558 
0.7452 0.738714 
0.7506 0.725656 
0.755 0.713918 
0.7601 0.700544 
0.7638 0.693482 
0.7673 0.687906 
0.7699 0.680371 
0.7694 0.674993 
0.7722 0.671517 
0.771 0.669902 
0.7723 0.668729 
0.7724 0.666922 
0.7725 0.667197 
0.7747 0.666308 
0.7744 0.663979 
0.7748 0.662192 
0.7743 0.662249 
0.7747 0.663478 
0.7755 0.663065 
0.7752 0.662638 
0.7762 0.66237 
0.7742 0.66297 
0.7758 0.660946 
0.7769 0.660036 
0.7767 0.658984 
0.7762 0.657379 
0.7778 0.654907 
0.7787 0.651883 
0.7792 0.651234 
0.7803 0.649351 
0.7798 0.649345 
0.7798 0.647861 
0.7807 0.647307 
0.7805 0.646184 
0.7817 0.643131 
0.7831 0.641793 
0.7839 0.63992 
0.785 0.638063 
0.7839 0.638531 
0.7846 0.63765 
0.7843 0.637534 
0.7854 0.636089 
0.7858 0.634845 
0.7869 0.633953 
0.7882 0.633479 
0.7875 0.633727 
0.7881 0.631988 
0.7877 0.632194 
0.7872 0.632097 
